0,1,2,3,4,5,6,7
33.8904189453125,0.4264693359375,0.48956132812499903,0.9603515625000003,1.3124599609374998,-0.17056601562499982,21.708505859375002,-1.4378044921875
0.4264693359375,34.771393164062495,-1.4630824218749998,-1.1575896484375001,0.17056601562499982,-0.8994419921875002,0.4347427734375,21.936003125000006
0.48956132812499903,-1.4630824218749998,37.2764345703125,1.3012197265624998,-21.708505859375002,-0.4347427734375,0.2995576171875001,-0.6745216796875001
0.9603515625000003,-1.1575896484375001,1.3012197265624998,33.41040703125,1.4378044921875,-21.936003125000006,0.6745216796875001,1.2556900390625005
-1.3124599609374998,0.17056601562499982,-21.708505859375002,1.4378044921875,33.8904189453125,0.4264693359375,0.48956132812499903,0.9603515625000003
-0.17056601562499982,0.8994419921875002,-0.4347427734375,-21.936003125000006,0.4264693359375,34.771393164062495,-1.4630824218749998,-1.1575896484375001
21.708505859375002,0.4347427734375,-0.2995576171875001,0.6745216796875001,0.48956132812499903,-1.4630824218749998,37.2764345703125,1.3012197265624998
-1.4378044921875,21.936003125000006,-0.6745216796875001,-1.2556900390625005,0.9603515625000003,-1.1575896484375001,1.3012197265624998,33.41040703125
