0,1,2,3,4,5,6,7
15.920544921874997,3.3883113281250004,2.733581640625,0.13006601562500014,0.45588398437499944,2.2085609375,11.492990625000003,3.2317574218750003
3.3883113281250004,27.406639062500002,-1.5083863281250003,1.00436640625,-2.2085609375,-3.253179687500001,1.5984167968750003,10.350065625
2.733581640625,-1.5083863281250003,17.811823828125,2.3295027343750005,-11.492990625000003,-1.5984167968750003,-4.087806250000002,0.5325570312499999
0.13006601562500014,1.00436640625,2.3295027343750005,14.30988203125,-3.2317574218750003,-10.350065625,-0.5325570312499999,-6.058857031250002
-0.45588398437499944,-2.2085609375,-11.492990625000003,-3.2317574218750003,15.920544921874997,3.3883113281250004,2.733581640625,0.13006601562500014
2.2085609375,3.253179687500001,-1.5984167968750003,-10.350065625,3.3883113281250004,27.406639062500002,-1.5083863281250003,1.00436640625
11.492990625000003,1.5984167968750003,4.087806250000002,-0.5325570312499999,2.733581640625,-1.5083863281250003,17.811823828125,2.3295027343750005
3.2317574218750003,10.350065625,0.5325570312499999,6.058857031250002,0.13006601562500014,1.00436640625,2.3295027343750005,14.30988203125
