0,1,2,3,4,5,6,7
8.073692999671849,0.3908253609652669,-5.075549888302706,-0.1493075714357838,-0.4632866139943459,-0.4081569788721735,0.5637199143023008,0.023898961278271402
0.3908253609652669,9.564123791523626,-0.12791272781199545,-4.677150646203554,0.4081569788721735,-0.5071435783521815,0.5498867250605822,-0.7188580687096116
-5.075549888302706,-0.12791272781199545,9.430331968144184,0.13014706810379706,-0.5637199143023008,-0.5498867250605822,-0.13993675219608304,0.4262537547960429
-0.1493075714357838,-4.677150646203554,0.13014706810379706,9.346839818507673,-0.023898961278271402,0.7188580687096116,-0.4262537547960429,0.689379370077746
0.4632866139943459,0.4081569788721735,-0.5637199143023008,-0.023898961278271402,8.073692999671849,0.3908253609652669,-5.075549888302706,-0.1493075714357838
-0.4081569788721735,0.5071435783521815,-0.5498867250605822,0.7188580687096116,0.3908253609652669,9.564123791523626,-0.12791272781199545,-4.677150646203554
0.5637199143023008,0.5498867250605822,0.13993675219608304,-0.4262537547960429,-5.075549888302706,-0.12791272781199545,9.430331968144184,0.13014706810379706
0.023898961278271402,-0.7188580687096116,0.4262537547960429,-0.689379370077746,-0.1493075714357838,-4.677150646203554,0.13014706810379706,9.346839818507673
