0,1,2,3,4,5,6,7
29.017043749999996,0.8965953125,-0.8066222656250001,-4.319955078125001,3.6224703125,1.4993972656250003,23.030037500000006,-3.28801015625
0.8965953125,36.57944921875001,-2.1819648437500003,-3.3578894531250008,-1.4993972656250003,3.5148996093749996,4.6434390625000015,21.5754390625
-0.8066222656250001,-2.1819648437500003,31.603339453125006,1.5075609375,-23.030037500000006,-4.6434390625000015,-4.24268359375,1.4576656250000004
-4.319955078125001,-3.3578894531250008,1.5075609375,23.637768750000006,3.28801015625,-21.5754390625,-1.4576656250000004,7.616732812499999
-3.6224703125,-1.4993972656250003,-23.030037500000006,3.28801015625,29.017043749999996,0.8965953125,-0.8066222656250001,-4.319955078125001
1.4993972656250003,-3.5148996093749996,-4.6434390625000015,-21.5754390625,0.8965953125,36.57944921875001,-2.1819648437500003,-3.3578894531250008
23.030037500000006,4.6434390625000015,4.24268359375,-1.4576656250000004,-0.8066222656250001,-2.1819648437500003,31.603339453125006,1.5075609375
-3.28801015625,21.5754390625,1.4576656250000004,-7.616732812499999,-4.319955078125001,-3.3578894531250008,1.5075609375,23.637768750000006
