qubit number is:6
term number is:6
condition number is:3.0157604217529297
Pauli strings are:[['X', 'I', 'X', 'Z', 'X', 'I'], ['Y', 'Z', 'I', 'Z', 'Y', 'Y'], ['Z', 'Z', 'I', 'I', 'X', 'X'], ['I', 'X', 'X', 'Y', 'X', 'X'], ['Y', 'Y', 'X', 'Y', 'Y', 'Z'], ['Y', 'Z', 'Z', 'Y', 'I', 'I']]
Coefficients of the terms are:[0.12, 0.18, 3.6, -3.12, 3.97, -1.17]
device is:aws-ionq-aria1
noise level is:0.015
depth:0
Q_noisy:[[31.28937969 -1.66580977]
 [ 1.66580977 31.28937969]]
r_noisy:[[-0.14958984]
 [-0.353125  ]]
train loss:0.9952995427462993
alphas:[(-0.004780855495482683-0.01128577720373869j)]
true loss:1.0102921724319458

depth:1
Q_noisy:[[29.07072695 -1.86597188 -0.51611191  2.35934492]
 [-1.86597188 35.23202383 -2.35934492  0.79529766]
 [ 0.51611191 -2.35934492 29.07072695 -1.86597188]
 [ 2.35934492 -0.79529766 -1.86597188 35.23202383]]
r_noisy:[[-0.19517578]
 [ 2.71929688]
 [ 0.02962891]
 [ 0.01017578]]
train loss:0.7884578317967788
alphas:[(-0.0017990191699936986+0.007366861682385206j), (0.07758058607578278+0.0007994613843038678j)]
true loss:0.6134293675422668

depth:2
Q_noisy:[[ 31.46960215  -1.4220623   -0.87848887   3.53211934  -0.73018027
   20.14163496]
 [ -1.4220623   33.92410176   1.1238084    0.73018027   1.84307988
   -2.09676895]
 [ -0.87848887   1.1238084   32.96219687 -20.14163496   2.09676895
    0.34303438]
 [ -3.53211934   0.73018027 -20.14163496  31.46960215  -1.4220623
   -0.87848887]
 [ -0.73018027  -1.84307988   2.09676895  -1.4220623   33.92410176
    1.1238084 ]
 [ 20.14163496  -2.09676895  -0.34303438  -0.87848887   1.1238084
   32.96219687]]
r_noisy:[[ 0.03302734]
 [ 3.01351563]
 [-0.07460938]
 [ 0.04193359]
 [-0.07578125]
 [-0.22824219]]
train loss:0.7286547307864008
alphas:[(0.009317874908447266-0.006863526999950409j), (0.08923555165529251-0.0015208667609840631j), (-0.009154764004051685-0.007072753738611937j)]
true loss:0.6179259419441223

depth:3
