0,1,2,3,4,5,6,7
37.8307232,0.0149353516,0.652541992,-0.621453711,0.739462109,0.588156055,23.9474396,-0.759495312
0.0149353516,38.2675193,0.64358457,-0.237623242,-0.588156055,1.31025508,1.89620684,21.8719043
0.652541992,0.64358457,36.9921545,-1.83981953,-23.9474396,-1.89620684,1.23682383,-1.59123984
-0.621453711,-0.237623242,-1.83981953,37.5601627,0.759495312,-21.8719043,1.59123984,-0.871416211
-0.739462109,-0.588156055,-23.9474396,0.759495312,37.8307232,0.0149353516,0.652541992,-0.621453711
0.588156055,-1.31025508,-1.89620684,-21.8719043,0.0149353516,38.2675193,0.64358457,-0.237623242
23.9474396,1.89620684,-1.23682383,1.59123984,0.652541992,0.64358457,36.9921545,-1.83981953
-0.759495312,21.8719043,-1.59123984,0.871416211,-0.621453711,-0.237623242,-1.83981953,37.5601627
