qubit number is:6
term number is:6
condition number is:3.4342851638793945
Pauli strings are:[['Z', 'Y', 'Z', 'I', 'X', 'I'], ['Y', 'Z', 'Y', 'X', 'Z', 'X'], ['Z', 'I', 'I', 'I', 'I', 'X'], ['Y', 'Z', 'I', 'X', 'Z', 'Z'], ['Z', 'Y', 'X', 'I', 'Z', 'Z'], ['Y', 'Z', 'Z', 'X', 'X', 'Z']]
Coefficients of the terms are:[-0.06 -1.62 -1.63 -1.32 -1.32 -0.9 ]
Itr:1
Q:[[ 9.59616999e+00 -1.60205182e-15]
 [ 1.60205182e-15  9.59616999e+00]]
r:[[-1.36083291e+00]
 [-1.46549439e-16]]
Itr:2
Q:[[ 9.59616999e+00  4.67371196e+00 -1.60205182e-15 -3.61810581e-16]
 [ 4.67371196e+00  9.59616999e+00  3.61810581e-16  6.66133815e-16]
 [ 1.60205182e-15  3.61810581e-16  9.59616999e+00  4.67371196e+00]
 [-3.61810581e-16 -6.66133815e-16  4.67371196e+00  9.59616999e+00]]
r:[[-1.36083291e+00]
 [-1.62000000e+00]
 [-1.46549439e-16]
 [ 5.34862128e-04]]
Itr:3
Q:[[ 9.59616999e+00  4.67371196e+00  9.59616999e+00 -1.60205182e-15
  -3.61810581e-16 -1.02307052e-15]
 [ 4.67371196e+00  9.59616999e+00  4.67371196e+00  3.61810581e-16
   6.66133815e-16  1.37460043e-15]
 [ 9.59616999e+00  4.67371196e+00  9.59616999e+00  1.02307052e-15
  -1.37460043e-15 -1.48814294e-15]
 [ 1.60205182e-15  3.61810581e-16  1.02307052e-15  9.59616999e+00
   4.67371196e+00  9.59616999e+00]
 [-3.61810581e-16 -6.66133815e-16 -1.37460043e-15  4.67371196e+00
   9.59616999e+00  4.67371196e+00]
 [-1.02307052e-15  1.37460043e-15  1.48814294e-15  9.59616999e+00
   4.67371196e+00  9.59616999e+00]]
r:[[-1.36083291e+00]
 [-1.62000000e+00]
 [-1.36083291e+00]
 [-1.46549439e-16]
 [ 5.34862128e-04]
 [-6.99440506e-17]]
Itr:4
Q:[[ 9.59616999e+00  4.67371196e+00  9.59616999e+00  3.04347435e+00
  -1.60205182e-15 -3.61810581e-16 -1.02307052e-15  8.87956375e-16]
 [ 4.67371196e+00  9.59616999e+00  4.67371196e+00  1.88737914e-17
   3.61810581e-16  6.66133815e-16  1.37460043e-15  2.84232155e+00]
 [ 9.59616999e+00  4.67371196e+00  9.59616999e+00  3.04347435e+00
   1.02307052e-15 -1.37460043e-15 -1.48814294e-15  7.53064278e-16]
 [ 3.04347435e+00  1.88737914e-17  3.04347435e+00  9.59616999e+00
  -8.87956375e-16 -2.84232155e+00 -7.53064278e-16 -4.65072425e-16]
 [ 1.60205182e-15  3.61810581e-16  1.02307052e-15 -8.87956375e-16
   9.59616999e+00  4.67371196e+00  9.59616999e+00  3.04347435e+00]
 [-3.61810581e-16 -6.66133815e-16 -1.37460043e-15 -2.84232155e+00
   4.67371196e+00  9.59616999e+00  4.67371196e+00  1.88737914e-17]
 [-1.02307052e-15  1.37460043e-15  1.48814294e-15 -7.53064278e-16
   9.59616999e+00  4.67371196e+00  9.59616999e+00  3.04347435e+00]
 [ 8.87956375e-16  2.84232155e+00  7.53064278e-16  4.65072425e-16
   3.04347435e+00  1.88737914e-17  3.04347435e+00  9.59616999e+00]]
r:[[-1.36083291e+00]
 [-1.62000000e+00]
 [-1.36083291e+00]
 [-1.32000000e+00]
 [-1.46549439e-16]
 [ 5.34862128e-04]
 [-6.99440506e-17]
 [ 8.76794981e-01]]
Itr:5
Q:[[ 9.59616999e+00  4.67371196e+00  9.59616999e+00  3.04347435e+00
   9.59616999e+00 -1.60205182e-15 -3.61810581e-16 -1.02307052e-15
   8.87956375e-16 -5.10036458e-16]
 [ 4.67371196e+00  9.59616999e+00  4.67371196e+00  1.88737914e-17
   4.67371196e+00  3.61810581e-16  6.66133815e-16  1.37460043e-15
   2.84232155e+00 -2.09665618e-16]
 [ 9.59616999e+00  4.67371196e+00  9.59616999e+00  3.04347435e+00
   9.59616999e+00  1.02307052e-15 -1.37460043e-15 -1.48814294e-15
   7.53064278e-16 -7.32081062e-16]
 [ 3.04347435e+00  1.88737914e-17  3.04347435e+00  9.59616999e+00
   3.04347435e+00 -8.87956375e-16 -2.84232155e+00 -7.53064278e-16
  -4.65072425e-16 -2.04336548e-15]
 [ 9.59616999e+00  4.67371196e+00  9.59616999e+00  3.04347435e+00
   9.59616999e+00  5.10036458e-16  2.09665618e-16  7.32081062e-16
   2.04336548e-15 -1.31106237e-15]
 [ 1.60205182e-15  3.61810581e-16  1.02307052e-15 -8.87956375e-16
   5.10036458e-16  9.59616999e+00  4.67371196e+00  9.59616999e+00
   3.04347435e+00  9.59616999e+00]
 [-3.61810581e-16 -6.66133815e-16 -1.37460043e-15 -2.84232155e+00
   2.09665618e-16  4.67371196e+00  9.59616999e+00  4.67371196e+00
   1.88737914e-17  4.67371196e+00]
 [-1.02307052e-15  1.37460043e-15  1.48814294e-15 -7.53064278e-16
   7.32081062e-16  9.59616999e+00  4.67371196e+00  9.59616999e+00
   3.04347435e+00  9.59616999e+00]
 [ 8.87956375e-16  2.84232155e+00  7.53064278e-16  4.65072425e-16
   2.04336548e-15  3.04347435e+00  1.88737914e-17  3.04347435e+00
   9.59616999e+00  3.04347435e+00]
 [-5.10036458e-16 -2.09665618e-16 -7.32081062e-16 -2.04336548e-15
   1.31106237e-15  9.59616999e+00  4.67371196e+00  9.59616999e+00
   3.04347435e+00  9.59616999e+00]]
r:[[-1.36083291e+00]
 [-1.62000000e+00]
 [-1.36083291e+00]
 [-1.32000000e+00]
 [-1.36083291e+00]
 [-1.46549439e-16]
 [ 5.34862128e-04]
 [-6.99440506e-17]
 [ 8.76794981e-01]
 [-5.27355937e-17]]
Itr:6
Q:[[ 9.59616999e+00  4.67371196e+00  9.59616999e+00  3.04347435e+00
   9.59616999e+00  4.43390873e-01 -1.60205182e-15 -3.61810581e-16
  -1.02307052e-15  8.87956375e-16 -5.10036458e-16  9.78106485e-16]
 [ 4.67371196e+00  9.59616999e+00  4.67371196e+00  1.88737914e-17
   4.67371196e+00  5.26265698e-15  3.61810581e-16  6.66133815e-16
   1.37460043e-15  2.84232155e+00 -2.09665618e-16 -1.74365054e-03]
 [ 9.59616999e+00  4.67371196e+00  9.59616999e+00  3.04347435e+00
   9.59616999e+00  4.43390873e-01  1.02307052e-15 -1.37460043e-15
  -1.48814294e-15  7.53064278e-16 -7.32081062e-16  1.91124894e-15]
 [ 3.04347435e+00  1.88737914e-17  3.04347435e+00  9.59616999e+00
   3.04347435e+00  4.30320000e+00 -8.87956375e-16 -2.84232155e+00
  -7.53064278e-16 -4.65072425e-16 -2.04336548e-15 -1.77635684e-15]
 [ 9.59616999e+00  4.67371196e+00  9.59616999e+00  3.04347435e+00
   9.59616999e+00  4.43390873e-01  5.10036458e-16  2.09665618e-16
   7.32081062e-16  2.04336548e-15 -1.31106237e-15  3.99125177e-16]
 [ 4.43390873e-01  5.26265698e-15  4.43390873e-01  4.30320000e+00
   4.43390873e-01  9.59616999e+00 -9.78106485e-16  1.74365054e-03
  -1.91124894e-15  1.77635684e-15 -3.99125177e-16  1.02029496e-15]
 [ 1.60205182e-15  3.61810581e-16  1.02307052e-15 -8.87956375e-16
   5.10036458e-16 -9.78106485e-16  9.59616999e+00  4.67371196e+00
   9.59616999e+00  3.04347435e+00  9.59616999e+00  4.43390873e-01]
 [-3.61810581e-16 -6.66133815e-16 -1.37460043e-15 -2.84232155e+00
   2.09665618e-16  1.74365054e-03  4.67371196e+00  9.59616999e+00
   4.67371196e+00  1.88737914e-17  4.67371196e+00  5.26265698e-15]
 [-1.02307052e-15  1.37460043e-15  1.48814294e-15 -7.53064278e-16
   7.32081062e-16 -1.91124894e-15  9.59616999e+00  4.67371196e+00
   9.59616999e+00  3.04347435e+00  9.59616999e+00  4.43390873e-01]
 [ 8.87956375e-16  2.84232155e+00  7.53064278e-16  4.65072425e-16
   2.04336548e-15  1.77635684e-15  3.04347435e+00  1.88737914e-17
   3.04347435e+00  9.59616999e+00  3.04347435e+00  4.30320000e+00]
 [-5.10036458e-16 -2.09665618e-16 -7.32081062e-16 -2.04336548e-15
   1.31106237e-15 -3.99125177e-16  9.59616999e+00  4.67371196e+00
   9.59616999e+00  3.04347435e+00  9.59616999e+00  4.43390873e-01]
 [ 9.78106485e-16 -1.74365054e-03  1.91124894e-15 -1.77635684e-15
   3.99125177e-16 -1.02029496e-15  4.43390873e-01  5.26265698e-15
   4.43390873e-01  4.30320000e+00  4.43390873e-01  9.59616999e+00]]
r:[[-1.36083291e+00]
 [-1.62000000e+00]
 [-1.36083291e+00]
 [-1.32000000e+00]
 [-1.36083291e+00]
 [-1.63000000e+00]
 [-1.46549439e-16]
 [ 5.34862128e-04]
 [-6.99440506e-17]
 [ 8.76794981e-01]
 [-5.27355937e-17]
 [-1.53210777e-16]]
Itr:7
Q:[[ 9.59616999e+00  4.67371196e+00  9.59616999e+00  3.04347435e+00
   9.59616999e+00  4.43390873e-01 -8.22231172e-16 -1.60205182e-15
  -3.61810581e-16 -1.02307052e-15  8.87956375e-16 -5.10036458e-16
   9.78106485e-16  1.46227475e-15]
 [ 4.67371196e+00  9.59616999e+00  4.67371196e+00  1.88737914e-17
   4.67371196e+00  5.26265698e-15 -3.94324650e+00  3.61810581e-16
   6.66133815e-16  1.37460043e-15  2.84232155e+00 -2.09665618e-16
  -1.74365054e-03 -1.10328413e-15]
 [ 9.59616999e+00  4.67371196e+00  9.59616999e+00  3.04347435e+00
   9.59616999e+00  4.43390873e-01 -1.31678002e-15  1.02307052e-15
  -1.37460043e-15 -1.48814294e-15  7.53064278e-16 -7.32081062e-16
   1.91124894e-15  1.62054814e-15]
 [ 3.04347435e+00  1.88737914e-17  3.04347435e+00  9.59616999e+00
   3.04347435e+00  4.30320000e+00 -4.08340028e-16 -8.87956375e-16
  -2.84232155e+00 -7.53064278e-16 -4.65072425e-16 -2.04336548e-15
  -1.77635684e-15  1.93488076e+00]
 [ 9.59616999e+00  4.67371196e+00  9.59616999e+00  3.04347435e+00
   9.59616999e+00  4.43390873e-01 -2.42442733e-15  5.10036458e-16
   2.09665618e-16  7.32081062e-16  2.04336548e-15 -1.31106237e-15
   3.99125177e-16  1.28808075e-16]
 [ 4.43390873e-01  5.26265698e-15  4.43390873e-01  4.30320000e+00
   4.43390873e-01  9.59616999e+00 -3.59259888e+00 -9.78106485e-16
   1.74365054e-03 -1.91124894e-15  1.77635684e-15 -3.99125177e-16
   1.02029496e-15  3.34888801e-15]
 [-8.22231172e-16 -3.94324650e+00 -1.31678002e-15 -4.08340028e-16
  -2.42442733e-15 -3.59259888e+00  9.59616999e+00 -1.46227475e-15
   1.10328413e-15 -1.62054814e-15 -1.93488076e+00 -1.28808075e-16
  -3.34888801e-15  3.53939100e-16]
 [ 1.60205182e-15  3.61810581e-16  1.02307052e-15 -8.87956375e-16
   5.10036458e-16 -9.78106485e-16 -1.46227475e-15  9.59616999e+00
   4.67371196e+00  9.59616999e+00  3.04347435e+00  9.59616999e+00
   4.43390873e-01 -8.22231172e-16]
 [-3.61810581e-16 -6.66133815e-16 -1.37460043e-15 -2.84232155e+00
   2.09665618e-16  1.74365054e-03  1.10328413e-15  4.67371196e+00
   9.59616999e+00  4.67371196e+00  1.88737914e-17  4.67371196e+00
   5.26265698e-15 -3.94324650e+00]
 [-1.02307052e-15  1.37460043e-15  1.48814294e-15 -7.53064278e-16
   7.32081062e-16 -1.91124894e-15 -1.62054814e-15  9.59616999e+00
   4.67371196e+00  9.59616999e+00  3.04347435e+00  9.59616999e+00
   4.43390873e-01 -1.31678002e-15]
 [ 8.87956375e-16  2.84232155e+00  7.53064278e-16  4.65072425e-16
   2.04336548e-15  1.77635684e-15 -1.93488076e+00  3.04347435e+00
   1.88737914e-17  3.04347435e+00  9.59616999e+00  3.04347435e+00
   4.30320000e+00 -4.08340028e-16]
 [-5.10036458e-16 -2.09665618e-16 -7.32081062e-16 -2.04336548e-15
   1.31106237e-15 -3.99125177e-16 -1.28808075e-16  9.59616999e+00
   4.67371196e+00  9.59616999e+00  3.04347435e+00  9.59616999e+00
   4.43390873e-01 -2.42442733e-15]
 [ 9.78106485e-16 -1.74365054e-03  1.91124894e-15 -1.77635684e-15
   3.99125177e-16 -1.02029496e-15 -3.34888801e-15  4.43390873e-01
   5.26265698e-15  4.43390873e-01  4.30320000e+00  4.43390873e-01
   9.59616999e+00 -3.59259888e+00]
 [ 1.46227475e-15 -1.10328413e-15  1.62054814e-15  1.93488076e+00
   1.28808075e-16  3.34888801e-15 -3.53939100e-16 -8.22231172e-16
  -3.94324650e+00 -1.31678002e-15 -4.08340028e-16 -2.42442733e-15
  -3.59259888e+00  9.59616999e+00]]
r:[[-1.36083291e+00]
 [-1.62000000e+00]
 [-1.36083291e+00]
 [-1.32000000e+00]
 [-1.36083291e+00]
 [-1.63000000e+00]
 [-1.10202420e+00]
 [-1.46549439e-16]
 [ 5.34862128e-04]
 [-6.99440506e-17]
 [ 8.76794981e-01]
 [-5.27355937e-17]
 [-1.53210777e-16]
 [ 4.11090276e-05]]
Iterations are:[1, 2, 3, 4, 5, 6, 7]
Losses are:[0.8070202820273378, 0.6818445897896475, 0.6818445897908996, 0.30412766567732485, 0.3041276656751939, 0.09481512763277333, 0.004061351505932453]
