qubit number is:6
term number is:6
condition number is:3.0157604217529297
Pauli strings are:[['X', 'I', 'X', 'Z', 'X', 'I'], ['Y', 'Z', 'I', 'Z', 'Y', 'Y'], ['Z', 'Z', 'I', 'I', 'X', 'X'], ['I', 'X', 'X', 'Y', 'X', 'X'], ['Y', 'Y', 'X', 'Y', 'Y', 'Z'], ['Y', 'Z', 'Z', 'Y', 'I', 'I']]
Coefficients of the terms are:[ 0.12  0.18  3.6  -3.12  3.97 -1.17]
Itr:1
Q:[[ 3.98710000e+01 -2.20098384e-15]
 [ 2.20098384e-15  3.98710000e+01]]
r:[[ 0.00000000e+00]
 [-1.73194792e-16]]
Itr:2
Q:[[ 3.98710000e+01 -9.86376907e-01 -2.20098384e-15 -3.73997500e-15]
 [-9.86376907e-01  3.98710000e+01  3.73997500e-15  3.35058647e-15]
 [ 2.20098384e-15  3.73997500e-15  3.98710000e+01 -9.86376907e-01]
 [-3.73997500e-15 -3.35058647e-15 -9.86376907e-01  3.98710000e+01]]
r:[[ 0.00000000e+00]
 [ 3.97000000e+00]
 [-1.73194792e-16]
 [ 3.83026943e-17]]
Itr:3
Q:[[ 3.98710000e+01 -9.86376907e-01 -3.75095510e-15 -2.20098384e-15
  -3.73997500e-15 -4.31027436e-16]
 [-9.86376907e-01  3.98710000e+01 -2.17550907e+01  3.73997500e-15
   3.35058647e-15 -5.17923482e-15]
 [-3.75095510e-15 -2.17550907e+01  3.98710000e+01  4.31027436e-16
   5.17923482e-15 -1.20313870e-14]
 [ 2.20098384e-15  3.73997500e-15  4.31027436e-16  3.98710000e+01
  -9.86376907e-01 -3.75095510e-15]
 [-3.73997500e-15 -3.35058647e-15  5.17923482e-15 -9.86376907e-01
   3.98710000e+01 -2.17550907e+01]
 [-4.31027436e-16 -5.17923482e-15  1.20313870e-14 -3.75095510e-15
  -2.17550907e+01  3.98710000e+01]]
r:[[ 0.00000000e+00]
 [ 3.97000000e+00]
 [ 2.73993585e+00]
 [-1.73194792e-16]
 [ 3.83026943e-17]
 [ 1.57374114e-15]]
Iterations are:[1, 2, 3]
Losses are:[1.0, 0.6044605630111106, 0.005536223703055176]
