qubit number is:9
term number is:5
condition number is:5.2406744956970215
Pauli strings are:[['I', 'X', 'I', 'Z', 'Z', 'Z', 'Y', 'X', 'Y'], ['I', 'Z', 'Z', 'I', 'Z', 'Y', 'Z', 'Y', 'Z'], ['Z', 'I', 'Z', 'I', 'Z', 'Y', 'X', 'Y', 'Y'], ['Z', 'X', 'Z', 'Z', 'Z', 'Z', 'Z', 'X', 'Y'], ['Y', 'I', 'Z', 'X', 'Y', 'Y', 'I', 'Z', 'I']]
Coefficients of the terms are:[ 0.03 -1.14 -0.16 -1.52 -0.69]
Itr:1
Q:[[ 4.11260000e+00 -1.90747418e-16]
 [ 1.90747418e-16  4.11260000e+00]]
r:[[0.]
 [0.]]
Itr:2
Q:[[ 4.11260000e+00 -1.06581410e-18 -1.90747418e-16  2.66453526e-19]
 [-1.06581410e-18  4.11260000e+00 -2.66453526e-19  4.12003764e-17]
 [ 1.90747418e-16 -2.66453526e-19  4.11260000e+00 -1.06581410e-18]
 [ 2.66453526e-19 -4.12003764e-17 -1.06581410e-18  4.11260000e+00]]
r:[[ 0.00000000e+00]
 [-1.52000000e+00]
 [ 0.00000000e+00]
 [ 1.66533454e-18]]
Itr:3
Q:[[ 4.11260000e+00 -1.06581410e-18  3.46560000e+00 -1.90747418e-16
   2.66453526e-19 -1.92912353e-16]
 [-1.06581410e-18  4.11260000e+00  1.20237154e-16 -2.66453526e-19
   4.12003764e-17  8.73301431e-17]
 [ 3.46560000e+00  1.20237154e-16  4.11260000e+00  1.92912353e-16
  -8.73301431e-17  2.59792188e-17]
 [ 1.90747418e-16 -2.66453526e-19  1.92912353e-16  4.11260000e+00
  -1.06581410e-18  3.46560000e+00]
 [ 2.66453526e-19 -4.12003764e-17 -8.73301431e-17 -1.06581410e-18
   4.11260000e+00  1.20237154e-16]
 [-1.92912353e-16  8.73301431e-17 -2.59792188e-17  3.46560000e+00
   1.20237154e-16  4.11260000e+00]]
r:[[ 0.00000000e+00]
 [-1.52000000e+00]
 [ 0.00000000e+00]
 [ 0.00000000e+00]
 [ 1.66533454e-18]
 [ 6.32827124e-17]]
Itr:4
Q:[[ 4.11260000e+00 -1.06581410e-18  3.46560000e+00  5.82200954e-17
  -1.90747418e-16  2.66453526e-19 -1.92912353e-16  5.82200954e-17]
 [-1.06581410e-18  4.11260000e+00  1.20237154e-16 -1.57320000e+00
  -2.66453526e-19  4.12003764e-17  8.73301431e-17  2.18325358e-16]
 [ 3.46560000e+00  1.20237154e-16  4.11260000e+00 -4.36650716e-17
   1.92912353e-16 -8.73301431e-17  2.59792188e-17 -0.00000000e+00]
 [ 5.82200954e-17 -1.57320000e+00 -4.36650716e-17  4.11260000e+00
  -5.82200954e-17 -2.18325358e-16  0.00000000e+00 -4.85311791e-16]
 [ 1.90747418e-16 -2.66453526e-19  1.92912353e-16 -5.82200954e-17
   4.11260000e+00 -1.06581410e-18  3.46560000e+00  5.82200954e-17]
 [ 2.66453526e-19 -4.12003764e-17 -8.73301431e-17 -2.18325358e-16
  -1.06581410e-18  4.11260000e+00  1.20237154e-16 -1.57320000e+00]
 [-1.92912353e-16  8.73301431e-17 -2.59792188e-17  0.00000000e+00
   3.46560000e+00  1.20237154e-16  4.11260000e+00 -4.36650716e-17]
 [ 5.82200954e-17  2.18325358e-16 -0.00000000e+00  4.85311791e-16
   5.82200954e-17 -1.57320000e+00 -4.36650716e-17  4.11260000e+00]]
r:[[ 0.00000000e+00]
 [-1.52000000e+00]
 [ 0.00000000e+00]
 [ 0.00000000e+00]
 [ 0.00000000e+00]
 [ 1.66533454e-18]
 [ 6.32827124e-17]
 [ 0.00000000e+00]]
Itr:5
Q:[[ 4.11260000e+00 -1.06581410e-18  3.46560000e+00  5.82200954e-17
   1.33226763e-15 -1.90747418e-16  2.66453526e-19 -1.92912353e-16
   5.82200954e-17 -2.91100477e-16]
 [-1.06581410e-18  4.11260000e+00  1.20237154e-16 -1.57320000e+00
   0.00000000e+00 -2.66453526e-19  4.12003764e-17  8.73301431e-17
   2.18325358e-16 -0.00000000e+00]
 [ 3.46560000e+00  1.20237154e-16  4.11260000e+00 -4.36650716e-17
  -1.57320000e+00  1.92912353e-16 -8.73301431e-17  2.59792188e-17
  -0.00000000e+00 -1.74660286e-16]
 [ 5.82200954e-17 -1.57320000e+00 -4.36650716e-17  4.11260000e+00
   0.00000000e+00 -5.82200954e-17 -2.18325358e-16  0.00000000e+00
  -4.85311791e-16 -0.00000000e+00]
 [ 1.33226763e-15  0.00000000e+00 -1.57320000e+00  0.00000000e+00
   4.11260000e+00  2.91100477e-16  0.00000000e+00  1.74660286e-16
   0.00000000e+00 -2.96984659e-16]
 [ 1.90747418e-16 -2.66453526e-19  1.92912353e-16 -5.82200954e-17
   2.91100477e-16  4.11260000e+00 -1.06581410e-18  3.46560000e+00
   5.82200954e-17  1.33226763e-15]
 [ 2.66453526e-19 -4.12003764e-17 -8.73301431e-17 -2.18325358e-16
   0.00000000e+00 -1.06581410e-18  4.11260000e+00  1.20237154e-16
  -1.57320000e+00  0.00000000e+00]
 [-1.92912353e-16  8.73301431e-17 -2.59792188e-17  0.00000000e+00
   1.74660286e-16  3.46560000e+00  1.20237154e-16  4.11260000e+00
  -4.36650716e-17 -1.57320000e+00]
 [ 5.82200954e-17  2.18325358e-16 -0.00000000e+00  4.85311791e-16
   0.00000000e+00  5.82200954e-17 -1.57320000e+00 -4.36650716e-17
   4.11260000e+00  0.00000000e+00]
 [-2.91100477e-16 -0.00000000e+00 -1.74660286e-16 -0.00000000e+00
   2.96984659e-16  1.33226763e-15  0.00000000e+00 -1.57320000e+00
   0.00000000e+00  4.11260000e+00]]
r:[[ 0.00000000e+00]
 [-1.52000000e+00]
 [ 0.00000000e+00]
 [ 0.00000000e+00]
 [ 0.00000000e+00]
 [ 0.00000000e+00]
 [ 1.66533454e-18]
 [ 6.32827124e-17]
 [ 0.00000000e+00]
 [ 0.00000000e+00]]
Itr:6
Q:[[ 4.11260000e+00 -1.06581410e-18  3.46560000e+00  5.82200954e-17
   1.33226763e-15  7.54563079e-17 -1.90747418e-16  2.66453526e-19
  -1.92912353e-16  5.82200954e-17 -2.91100477e-16 -1.81554771e-16]
 [-1.06581410e-18  4.11260000e+00  1.20237154e-16 -1.57320000e+00
   0.00000000e+00 -4.17660351e-16 -2.66453526e-19  4.12003764e-17
   8.73301431e-17  2.18325358e-16 -0.00000000e+00  3.94517752e-16]
 [ 3.46560000e+00  1.20237154e-16  4.11260000e+00 -4.36650716e-17
  -1.57320000e+00 -7.11664061e-16  1.92912353e-16 -8.73301431e-17
   2.59792188e-17 -0.00000000e+00 -1.74660286e-16  5.32024425e-16]
 [ 5.82200954e-17 -1.57320000e+00 -4.36650716e-17  4.11260000e+00
   0.00000000e+00 -3.46560000e+00 -5.82200954e-17 -2.18325358e-16
   0.00000000e+00 -4.85311791e-16 -0.00000000e+00  3.81245036e-16]
 [ 1.33226763e-15  0.00000000e+00 -1.57320000e+00  0.00000000e+00
   4.11260000e+00  1.99840144e-18  2.91100477e-16  0.00000000e+00
   1.74660286e-16  0.00000000e+00 -2.96984659e-16 -1.14375176e-16]
 [ 7.54563079e-17 -4.17660351e-16 -7.11664061e-16 -3.46560000e+00
   1.99840144e-18  4.11260000e+00  1.81554771e-16 -3.94517752e-16
  -5.32024425e-16 -3.81245036e-16  1.14375176e-16 -2.93592928e-16]
 [ 1.90747418e-16 -2.66453526e-19  1.92912353e-16 -5.82200954e-17
   2.91100477e-16  1.81554771e-16  4.11260000e+00 -1.06581410e-18
   3.46560000e+00  5.82200954e-17  1.33226763e-15  7.54563079e-17]
 [ 2.66453526e-19 -4.12003764e-17 -8.73301431e-17 -2.18325358e-16
   0.00000000e+00 -3.94517752e-16 -1.06581410e-18  4.11260000e+00
   1.20237154e-16 -1.57320000e+00  0.00000000e+00 -4.17660351e-16]
 [-1.92912353e-16  8.73301431e-17 -2.59792188e-17  0.00000000e+00
   1.74660286e-16 -5.32024425e-16  3.46560000e+00  1.20237154e-16
   4.11260000e+00 -4.36650716e-17 -1.57320000e+00 -7.11664061e-16]
 [ 5.82200954e-17  2.18325358e-16 -0.00000000e+00  4.85311791e-16
   0.00000000e+00 -3.81245036e-16  5.82200954e-17 -1.57320000e+00
  -4.36650716e-17  4.11260000e+00  0.00000000e+00 -3.46560000e+00]
 [-2.91100477e-16 -0.00000000e+00 -1.74660286e-16 -0.00000000e+00
   2.96984659e-16  1.14375176e-16  1.33226763e-15  0.00000000e+00
  -1.57320000e+00  0.00000000e+00  4.11260000e+00  1.99840144e-18]
 [-1.81554771e-16  3.94517752e-16  5.32024425e-16  3.81245036e-16
  -1.14375176e-16  2.93592928e-16  7.54563079e-17 -4.17660351e-16
  -7.11664061e-16 -3.46560000e+00  1.99840144e-18  4.11260000e+00]]
r:[[ 0.00000000e+00]
 [-1.52000000e+00]
 [ 0.00000000e+00]
 [ 0.00000000e+00]
 [ 0.00000000e+00]
 [ 6.90000000e-01]
 [ 0.00000000e+00]
 [ 1.66533454e-18]
 [ 6.32827124e-17]
 [ 0.00000000e+00]
 [ 0.00000000e+00]
 [ 7.66053887e-17]]
Itr:7
Q:[[ 4.11260000e+00 -1.06581410e-18  3.46560000e+00  5.82200954e-17
   1.33226763e-15  7.54563079e-17 -4.11260000e+00 -1.90747418e-16
   2.66453526e-19 -1.92912353e-16  5.82200954e-17 -2.91100477e-16
  -1.81554771e-16  2.07028839e-16]
 [-1.06581410e-18  4.11260000e+00  1.20237154e-16 -1.57320000e+00
   0.00000000e+00 -4.17660351e-16 -5.32907052e-19 -2.66453526e-19
   4.12003764e-17  8.73301431e-17  2.18325358e-16 -0.00000000e+00
   3.94517752e-16 -2.66453526e-19]
 [ 3.46560000e+00  1.20237154e-16  4.11260000e+00 -4.36650716e-17
  -1.57320000e+00 -7.11664061e-16 -3.46560000e+00  1.92912353e-16
  -8.73301431e-17  2.59792188e-17 -0.00000000e+00 -1.74660286e-16
   5.32024425e-16 -2.88036262e-16]
 [ 5.82200954e-17 -1.57320000e+00 -4.36650716e-17  4.11260000e+00
   0.00000000e+00 -3.46560000e+00  2.91100477e-17 -5.82200954e-17
  -2.18325358e-16  0.00000000e+00 -4.85311791e-16 -0.00000000e+00
   3.81245036e-16 -0.00000000e+00]
 [ 1.33226763e-15  0.00000000e+00 -1.57320000e+00  0.00000000e+00
   4.11260000e+00  1.99840144e-18 -8.88178420e-16  2.91100477e-16
   0.00000000e+00  1.74660286e-16  0.00000000e+00 -2.96984659e-16
  -1.14375176e-16 -2.35178543e-16]
 [ 7.54563079e-17 -4.17660351e-16 -7.11664061e-16 -3.46560000e+00
   1.99840144e-18  4.11260000e+00  0.00000000e+00  1.81554771e-16
  -3.94517752e-16 -5.32024425e-16 -3.81245036e-16  1.14375176e-16
  -2.93592928e-16 -0.00000000e+00]
 [-4.11260000e+00 -5.32907052e-19 -3.46560000e+00  2.91100477e-17
  -8.88178420e-16  0.00000000e+00  4.11260000e+00 -2.07028839e-16
   2.66453526e-19  2.88036262e-16  0.00000000e+00  2.35178543e-16
   0.00000000e+00  1.94322336e-16]
 [ 1.90747418e-16 -2.66453526e-19  1.92912353e-16 -5.82200954e-17
   2.91100477e-16  1.81554771e-16 -2.07028839e-16  4.11260000e+00
  -1.06581410e-18  3.46560000e+00  5.82200954e-17  1.33226763e-15
   7.54563079e-17 -4.11260000e+00]
 [ 2.66453526e-19 -4.12003764e-17 -8.73301431e-17 -2.18325358e-16
   0.00000000e+00 -3.94517752e-16  2.66453526e-19 -1.06581410e-18
   4.11260000e+00  1.20237154e-16 -1.57320000e+00  0.00000000e+00
  -4.17660351e-16 -5.32907052e-19]
 [-1.92912353e-16  8.73301431e-17 -2.59792188e-17  0.00000000e+00
   1.74660286e-16 -5.32024425e-16  2.88036262e-16  3.46560000e+00
   1.20237154e-16  4.11260000e+00 -4.36650716e-17 -1.57320000e+00
  -7.11664061e-16 -3.46560000e+00]
 [ 5.82200954e-17  2.18325358e-16 -0.00000000e+00  4.85311791e-16
   0.00000000e+00 -3.81245036e-16  0.00000000e+00  5.82200954e-17
  -1.57320000e+00 -4.36650716e-17  4.11260000e+00  0.00000000e+00
  -3.46560000e+00  2.91100477e-17]
 [-2.91100477e-16 -0.00000000e+00 -1.74660286e-16 -0.00000000e+00
   2.96984659e-16  1.14375176e-16  2.35178543e-16  1.33226763e-15
   0.00000000e+00 -1.57320000e+00  0.00000000e+00  4.11260000e+00
   1.99840144e-18 -8.88178420e-16]
 [-1.81554771e-16  3.94517752e-16  5.32024425e-16  3.81245036e-16
  -1.14375176e-16  2.93592928e-16  0.00000000e+00  7.54563079e-17
  -4.17660351e-16 -7.11664061e-16 -3.46560000e+00  1.99840144e-18
   4.11260000e+00  0.00000000e+00]
 [ 2.07028839e-16 -2.66453526e-19 -2.88036262e-16 -0.00000000e+00
  -2.35178543e-16 -0.00000000e+00 -1.94322336e-16 -4.11260000e+00
  -5.32907052e-19 -3.46560000e+00  2.91100477e-17 -8.88178420e-16
   0.00000000e+00  4.11260000e+00]]
r:[[ 0.00000000e+00]
 [-1.52000000e+00]
 [ 0.00000000e+00]
 [ 0.00000000e+00]
 [ 0.00000000e+00]
 [ 6.90000000e-01]
 [ 0.00000000e+00]
 [ 0.00000000e+00]
 [ 1.66533454e-18]
 [ 6.32827124e-17]
 [ 0.00000000e+00]
 [ 0.00000000e+00]
 [ 7.66053887e-17]
 [ 0.00000000e+00]]
Itr:8
Q:[[ 4.11260000e+00 -1.06581410e-18  3.46560000e+00  5.82200954e-17
   1.33226763e-15  7.54563079e-17 -4.11260000e+00 -9.11271059e-17
  -1.90747418e-16  2.66453526e-19 -1.92912353e-16  5.82200954e-17
  -2.91100477e-16 -1.81554771e-16  2.07028839e-16  4.36650716e-17]
 [-1.06581410e-18  4.11260000e+00  1.20237154e-16 -1.57320000e+00
   0.00000000e+00 -4.17660351e-16 -5.32907052e-19 -3.46560000e+00
  -2.66453526e-19  4.12003764e-17  8.73301431e-17  2.18325358e-16
  -0.00000000e+00  3.94517752e-16 -2.66453526e-19  7.46536166e-16]
 [ 3.46560000e+00  1.20237154e-16  4.11260000e+00 -4.36650716e-17
  -1.57320000e+00 -7.11664061e-16 -3.46560000e+00 -2.12796447e-16
   1.92912353e-16 -8.73301431e-17  2.59792188e-17 -0.00000000e+00
  -1.74660286e-16  5.32024425e-16 -2.88036262e-16 -2.94397839e-16]
 [ 5.82200954e-17 -1.57320000e+00 -4.36650716e-17  4.11260000e+00
   0.00000000e+00 -3.46560000e+00  2.91100477e-17  1.99840144e-15
  -5.82200954e-17 -2.18325358e-16  0.00000000e+00 -4.85311791e-16
  -0.00000000e+00  3.81245036e-16 -0.00000000e+00  2.98927549e-16]
 [ 1.33226763e-15  0.00000000e+00 -1.57320000e+00  0.00000000e+00
   4.11260000e+00  1.99840144e-18 -8.88178420e-16 -5.82200954e-17
   2.91100477e-16  0.00000000e+00  1.74660286e-16  0.00000000e+00
  -2.96984659e-16 -1.14375176e-16 -2.35178543e-16 -0.00000000e+00]
 [ 7.54563079e-17 -4.17660351e-16 -7.11664061e-16 -3.46560000e+00
   1.99840144e-18  4.11260000e+00  0.00000000e+00  1.57320000e+00
   1.81554771e-16 -3.94517752e-16 -5.32024425e-16 -3.81245036e-16
   1.14375176e-16 -2.93592928e-16 -0.00000000e+00 -3.96149780e-16]
 [-4.11260000e+00 -5.32907052e-19 -3.46560000e+00  2.91100477e-17
  -8.88178420e-16  0.00000000e+00  4.11260000e+00 -2.00445216e-16
  -2.07028839e-16  2.66453526e-19  2.88036262e-16  0.00000000e+00
   2.35178543e-16  0.00000000e+00  1.94322336e-16 -1.81410442e-16]
 [-9.11271059e-17 -3.46560000e+00 -2.12796447e-16  1.99840144e-15
  -5.82200954e-17  1.57320000e+00 -2.00445216e-16  4.11260000e+00
  -4.36650716e-17 -7.46536166e-16  2.94397839e-16 -2.98927549e-16
   0.00000000e+00  3.96149780e-16  1.81410442e-16 -1.63586922e-15]
 [ 1.90747418e-16 -2.66453526e-19  1.92912353e-16 -5.82200954e-17
   2.91100477e-16  1.81554771e-16 -2.07028839e-16 -4.36650716e-17
   4.11260000e+00 -1.06581410e-18  3.46560000e+00  5.82200954e-17
   1.33226763e-15  7.54563079e-17 -4.11260000e+00 -9.11271059e-17]
 [ 2.66453526e-19 -4.12003764e-17 -8.73301431e-17 -2.18325358e-16
   0.00000000e+00 -3.94517752e-16  2.66453526e-19 -7.46536166e-16
  -1.06581410e-18  4.11260000e+00  1.20237154e-16 -1.57320000e+00
   0.00000000e+00 -4.17660351e-16 -5.32907052e-19 -3.46560000e+00]
 [-1.92912353e-16  8.73301431e-17 -2.59792188e-17  0.00000000e+00
   1.74660286e-16 -5.32024425e-16  2.88036262e-16  2.94397839e-16
   3.46560000e+00  1.20237154e-16  4.11260000e+00 -4.36650716e-17
  -1.57320000e+00 -7.11664061e-16 -3.46560000e+00 -2.12796447e-16]
 [ 5.82200954e-17  2.18325358e-16 -0.00000000e+00  4.85311791e-16
   0.00000000e+00 -3.81245036e-16  0.00000000e+00 -2.98927549e-16
   5.82200954e-17 -1.57320000e+00 -4.36650716e-17  4.11260000e+00
   0.00000000e+00 -3.46560000e+00  2.91100477e-17  1.99840144e-15]
 [-2.91100477e-16 -0.00000000e+00 -1.74660286e-16 -0.00000000e+00
   2.96984659e-16  1.14375176e-16  2.35178543e-16  0.00000000e+00
   1.33226763e-15  0.00000000e+00 -1.57320000e+00  0.00000000e+00
   4.11260000e+00  1.99840144e-18 -8.88178420e-16 -5.82200954e-17]
 [-1.81554771e-16  3.94517752e-16  5.32024425e-16  3.81245036e-16
  -1.14375176e-16  2.93592928e-16  0.00000000e+00  3.96149780e-16
   7.54563079e-17 -4.17660351e-16 -7.11664061e-16 -3.46560000e+00
   1.99840144e-18  4.11260000e+00  0.00000000e+00  1.57320000e+00]
 [ 2.07028839e-16 -2.66453526e-19 -2.88036262e-16 -0.00000000e+00
  -2.35178543e-16 -0.00000000e+00 -1.94322336e-16  1.81410442e-16
  -4.11260000e+00 -5.32907052e-19 -3.46560000e+00  2.91100477e-17
  -8.88178420e-16  0.00000000e+00  4.11260000e+00 -2.00445216e-16]
 [ 4.36650716e-17  7.46536166e-16 -2.94397839e-16  2.98927549e-16
  -0.00000000e+00 -3.96149780e-16 -1.81410442e-16  1.63586922e-15
  -9.11271059e-17 -3.46560000e+00 -2.12796447e-16  1.99840144e-15
  -5.82200954e-17  1.57320000e+00 -2.00445216e-16  4.11260000e+00]]
r:[[ 0.00000000e+00]
 [-1.52000000e+00]
 [ 0.00000000e+00]
 [ 0.00000000e+00]
 [ 0.00000000e+00]
 [ 6.90000000e-01]
 [ 0.00000000e+00]
 [ 1.14000000e+00]
 [ 0.00000000e+00]
 [ 1.66533454e-18]
 [ 6.32827124e-17]
 [ 0.00000000e+00]
 [ 0.00000000e+00]
 [ 7.66053887e-17]
 [ 0.00000000e+00]
 [-7.59392549e-16]]
Itr:9
Q:[[ 4.11260000e+00 -1.06581410e-18  3.46560000e+00  5.82200954e-17
   1.33226763e-15  7.54563079e-17 -4.11260000e+00 -9.11271059e-17
  -4.11260000e+00 -1.90747418e-16  2.66453526e-19 -1.92912353e-16
   5.82200954e-17 -2.91100477e-16 -1.81554771e-16  2.07028839e-16
   4.36650716e-17  2.79171131e-16]
 [-1.06581410e-18  4.11260000e+00  1.20237154e-16 -1.57320000e+00
   0.00000000e+00 -4.17660351e-16 -5.32907052e-19 -3.46560000e+00
   0.00000000e+00 -2.66453526e-19  4.12003764e-17  8.73301431e-17
   2.18325358e-16 -0.00000000e+00  3.94517752e-16 -2.66453526e-19
   7.46536166e-16 -0.00000000e+00]
 [ 3.46560000e+00  1.20237154e-16  4.11260000e+00 -4.36650716e-17
  -1.57320000e+00 -7.11664061e-16 -3.46560000e+00 -2.12796447e-16
  -3.46560000e+00  1.92912353e-16 -8.73301431e-17  2.59792188e-17
  -0.00000000e+00 -1.74660286e-16  5.32024425e-16 -2.88036262e-16
  -2.94397839e-16 -4.80948614e-16]
 [ 5.82200954e-17 -1.57320000e+00 -4.36650716e-17  4.11260000e+00
   0.00000000e+00 -3.46560000e+00  2.91100477e-17  1.99840144e-15
   2.91100477e-17 -5.82200954e-17 -2.18325358e-16  0.00000000e+00
  -4.85311791e-16 -0.00000000e+00  3.81245036e-16 -0.00000000e+00
   2.98927549e-16 -0.00000000e+00]
 [ 1.33226763e-15  0.00000000e+00 -1.57320000e+00  0.00000000e+00
   4.11260000e+00  1.99840144e-18 -8.88178420e-16 -5.82200954e-17
  -8.88178420e-16  2.91100477e-16  0.00000000e+00  1.74660286e-16
   0.00000000e+00 -2.96984659e-16 -1.14375176e-16 -2.35178543e-16
  -0.00000000e+00 -2.35178543e-16]
 [ 7.54563079e-17 -4.17660351e-16 -7.11664061e-16 -3.46560000e+00
   1.99840144e-18  4.11260000e+00  0.00000000e+00  1.57320000e+00
   0.00000000e+00  1.81554771e-16 -3.94517752e-16 -5.32024425e-16
  -3.81245036e-16  1.14375176e-16 -2.93592928e-16 -0.00000000e+00
  -3.96149780e-16 -0.00000000e+00]
 [-4.11260000e+00 -5.32907052e-19 -3.46560000e+00  2.91100477e-17
  -8.88178420e-16  0.00000000e+00  4.11260000e+00 -2.00445216e-16
   4.11260000e+00 -2.07028839e-16  2.66453526e-19  2.88036262e-16
   0.00000000e+00  2.35178543e-16  0.00000000e+00  1.94322336e-16
  -1.81410442e-16  1.41464618e-16]
 [-9.11271059e-17 -3.46560000e+00 -2.12796447e-16  1.99840144e-15
  -5.82200954e-17  1.57320000e+00 -2.00445216e-16  4.11260000e+00
   0.00000000e+00 -4.36650716e-17 -7.46536166e-16  2.94397839e-16
  -2.98927549e-16  0.00000000e+00  3.96149780e-16  1.81410442e-16
  -1.63586922e-15 -9.61897229e-17]
 [-4.11260000e+00  0.00000000e+00 -3.46560000e+00  2.91100477e-17
  -8.88178420e-16  0.00000000e+00  4.11260000e+00  0.00000000e+00
   4.11260000e+00 -2.79171131e-16  0.00000000e+00  4.80948614e-16
   0.00000000e+00  2.35178543e-16  0.00000000e+00 -1.41464618e-16
   9.61897229e-17  3.35764749e-16]
 [ 1.90747418e-16 -2.66453526e-19  1.92912353e-16 -5.82200954e-17
   2.91100477e-16  1.81554771e-16 -2.07028839e-16 -4.36650716e-17
  -2.79171131e-16  4.11260000e+00 -1.06581410e-18  3.46560000e+00
   5.82200954e-17  1.33226763e-15  7.54563079e-17 -4.11260000e+00
  -9.11271059e-17 -4.11260000e+00]
 [ 2.66453526e-19 -4.12003764e-17 -8.73301431e-17 -2.18325358e-16
   0.00000000e+00 -3.94517752e-16  2.66453526e-19 -7.46536166e-16
   0.00000000e+00 -1.06581410e-18  4.11260000e+00  1.20237154e-16
  -1.57320000e+00  0.00000000e+00 -4.17660351e-16 -5.32907052e-19
  -3.46560000e+00  0.00000000e+00]
 [-1.92912353e-16  8.73301431e-17 -2.59792188e-17  0.00000000e+00
   1.74660286e-16 -5.32024425e-16  2.88036262e-16  2.94397839e-16
   4.80948614e-16  3.46560000e+00  1.20237154e-16  4.11260000e+00
  -4.36650716e-17 -1.57320000e+00 -7.11664061e-16 -3.46560000e+00
  -2.12796447e-16 -3.46560000e+00]
 [ 5.82200954e-17  2.18325358e-16 -0.00000000e+00  4.85311791e-16
   0.00000000e+00 -3.81245036e-16  0.00000000e+00 -2.98927549e-16
   0.00000000e+00  5.82200954e-17 -1.57320000e+00 -4.36650716e-17
   4.11260000e+00  0.00000000e+00 -3.46560000e+00  2.91100477e-17
   1.99840144e-15  2.91100477e-17]
 [-2.91100477e-16 -0.00000000e+00 -1.74660286e-16 -0.00000000e+00
   2.96984659e-16  1.14375176e-16  2.35178543e-16  0.00000000e+00
   2.35178543e-16  1.33226763e-15  0.00000000e+00 -1.57320000e+00
   0.00000000e+00  4.11260000e+00  1.99840144e-18 -8.88178420e-16
  -5.82200954e-17 -8.88178420e-16]
 [-1.81554771e-16  3.94517752e-16  5.32024425e-16  3.81245036e-16
  -1.14375176e-16  2.93592928e-16  0.00000000e+00  3.96149780e-16
   0.00000000e+00  7.54563079e-17 -4.17660351e-16 -7.11664061e-16
  -3.46560000e+00  1.99840144e-18  4.11260000e+00  0.00000000e+00
   1.57320000e+00  0.00000000e+00]
 [ 2.07028839e-16 -2.66453526e-19 -2.88036262e-16 -0.00000000e+00
  -2.35178543e-16 -0.00000000e+00 -1.94322336e-16  1.81410442e-16
  -1.41464618e-16 -4.11260000e+00 -5.32907052e-19 -3.46560000e+00
   2.91100477e-17 -8.88178420e-16  0.00000000e+00  4.11260000e+00
  -2.00445216e-16  4.11260000e+00]
 [ 4.36650716e-17  7.46536166e-16 -2.94397839e-16  2.98927549e-16
  -0.00000000e+00 -3.96149780e-16 -1.81410442e-16  1.63586922e-15
   9.61897229e-17 -9.11271059e-17 -3.46560000e+00 -2.12796447e-16
   1.99840144e-15 -5.82200954e-17  1.57320000e+00 -2.00445216e-16
   4.11260000e+00  0.00000000e+00]
 [ 2.79171131e-16 -0.00000000e+00 -4.80948614e-16 -0.00000000e+00
  -2.35178543e-16 -0.00000000e+00  1.41464618e-16 -9.61897229e-17
  -3.35764749e-16 -4.11260000e+00  0.00000000e+00 -3.46560000e+00
   2.91100477e-17 -8.88178420e-16  0.00000000e+00  4.11260000e+00
   0.00000000e+00  4.11260000e+00]]
r:[[ 0.00000000e+00]
 [-1.52000000e+00]
 [ 0.00000000e+00]
 [ 0.00000000e+00]
 [ 0.00000000e+00]
 [ 6.90000000e-01]
 [ 0.00000000e+00]
 [ 1.14000000e+00]
 [ 0.00000000e+00]
 [ 0.00000000e+00]
 [ 1.66533454e-18]
 [ 6.32827124e-17]
 [ 0.00000000e+00]
 [ 0.00000000e+00]
 [ 7.66053887e-17]
 [ 0.00000000e+00]
 [-7.59392549e-16]
 [ 0.00000000e+00]]
Itr:10
Q:[[ 4.11260000e+00 -1.06581410e-18  3.46560000e+00  5.82200954e-17
   1.33226763e-15  7.54563079e-17 -4.11260000e+00 -9.11271059e-17
  -4.11260000e+00  1.24344979e-18 -1.90747418e-16  2.66453526e-19
  -1.92912353e-16  5.82200954e-17 -2.91100477e-16 -1.81554771e-16
   2.07028839e-16  4.36650716e-17  2.79171131e-16  1.29674049e-17]
 [-1.06581410e-18  4.11260000e+00  1.20237154e-16 -1.57320000e+00
   0.00000000e+00 -4.17660351e-16 -5.32907052e-19 -3.46560000e+00
   0.00000000e+00 -1.94289029e-16 -2.66453526e-19  4.12003764e-17
   8.73301431e-17  2.18325358e-16 -0.00000000e+00  3.94517752e-16
  -2.66453526e-19  7.46536166e-16 -0.00000000e+00  1.03372866e-16]
 [ 3.46560000e+00  1.20237154e-16  4.11260000e+00 -4.36650716e-17
  -1.57320000e+00 -7.11664061e-16 -3.46560000e+00 -2.12796447e-16
  -3.46560000e+00  6.56030785e-17  1.92912353e-16 -8.73301431e-17
   2.59792188e-17 -0.00000000e+00 -1.74660286e-16  5.32024425e-16
  -2.88036262e-16 -2.94397839e-16 -4.80948614e-16  6.56030785e-17]
 [ 5.82200954e-17 -1.57320000e+00 -4.36650716e-17  4.11260000e+00
   0.00000000e+00 -3.46560000e+00  2.91100477e-17  1.99840144e-15
   2.91100477e-17  5.55888668e-17 -5.82200954e-17 -2.18325358e-16
   0.00000000e+00 -4.85311791e-16 -0.00000000e+00  3.81245036e-16
  -0.00000000e+00  2.98927549e-16 -0.00000000e+00  6.18782803e-17]
 [ 1.33226763e-15  0.00000000e+00 -1.57320000e+00  0.00000000e+00
   4.11260000e+00  1.99840144e-18 -8.88178420e-16 -5.82200954e-17
  -8.88178420e-16  1.23634436e-16  2.91100477e-16  0.00000000e+00
   1.74660286e-16  0.00000000e+00 -2.96984659e-16 -1.14375176e-16
  -2.35178543e-16 -0.00000000e+00 -2.35178543e-16  7.63833441e-17]
 [ 7.54563079e-17 -4.17660351e-16 -7.11664061e-16 -3.46560000e+00
   1.99840144e-18  4.11260000e+00  0.00000000e+00  1.57320000e+00
   0.00000000e+00  5.55111512e-17  1.81554771e-16 -3.94517752e-16
  -5.32024425e-16 -3.81245036e-16  1.14375176e-16 -2.93592928e-16
  -0.00000000e+00 -3.96149780e-16 -0.00000000e+00  7.35411732e-17]
 [-4.11260000e+00 -5.32907052e-19 -3.46560000e+00  2.91100477e-17
  -8.88178420e-16  0.00000000e+00  4.11260000e+00 -2.00445216e-16
   4.11260000e+00  1.36202161e-16 -2.07028839e-16  2.66453526e-19
   2.88036262e-16  0.00000000e+00  2.35178543e-16  0.00000000e+00
   1.94322336e-16 -1.81410442e-16  1.41464618e-16  1.21547217e-16]
 [-9.11271059e-17 -3.46560000e+00 -2.12796447e-16  1.99840144e-15
  -5.82200954e-17  1.57320000e+00 -2.00445216e-16  4.11260000e+00
   0.00000000e+00  3.64800000e-01 -4.36650716e-17 -7.46536166e-16
   2.94397839e-16 -2.98927549e-16  0.00000000e+00  3.96149780e-16
   1.81410442e-16 -1.63586922e-15 -9.61897229e-17 -1.15463195e-18]
 [-4.11260000e+00  0.00000000e+00 -3.46560000e+00  2.91100477e-17
  -8.88178420e-16  0.00000000e+00  4.11260000e+00  0.00000000e+00
   4.11260000e+00  1.30073730e-16 -2.79171131e-16  0.00000000e+00
   4.80948614e-16  0.00000000e+00  2.35178543e-16  0.00000000e+00
  -1.41464618e-16  9.61897229e-17  3.35764749e-16  1.48636659e-16]
 [ 1.24344979e-18 -1.94289029e-16  6.56030785e-17  5.55888668e-17
   1.23634436e-16  5.55111512e-17  1.36202161e-16  3.64800000e-01
   1.30073730e-16  4.11260000e+00 -1.29674049e-17 -1.03372866e-16
  -6.56030785e-17 -6.18782803e-17 -7.63833441e-17 -7.35411732e-17
  -1.21547217e-16  1.15463195e-18 -1.48636659e-16 -2.92421642e-15]
 [ 1.90747418e-16 -2.66453526e-19  1.92912353e-16 -5.82200954e-17
   2.91100477e-16  1.81554771e-16 -2.07028839e-16 -4.36650716e-17
  -2.79171131e-16 -1.29674049e-17  4.11260000e+00 -1.06581410e-18
   3.46560000e+00  5.82200954e-17  1.33226763e-15  7.54563079e-17
  -4.11260000e+00 -9.11271059e-17 -4.11260000e+00  1.24344979e-18]
 [ 2.66453526e-19 -4.12003764e-17 -8.73301431e-17 -2.18325358e-16
   0.00000000e+00 -3.94517752e-16  2.66453526e-19 -7.46536166e-16
   0.00000000e+00 -1.03372866e-16 -1.06581410e-18  4.11260000e+00
   1.20237154e-16 -1.57320000e+00  0.00000000e+00 -4.17660351e-16
  -5.32907052e-19 -3.46560000e+00  0.00000000e+00 -1.94289029e-16]
 [-1.92912353e-16  8.73301431e-17 -2.59792188e-17  0.00000000e+00
   1.74660286e-16 -5.32024425e-16  2.88036262e-16  2.94397839e-16
   4.80948614e-16 -6.56030785e-17  3.46560000e+00  1.20237154e-16
   4.11260000e+00 -4.36650716e-17 -1.57320000e+00 -7.11664061e-16
  -3.46560000e+00 -2.12796447e-16 -3.46560000e+00  6.56030785e-17]
 [ 5.82200954e-17  2.18325358e-16 -0.00000000e+00  4.85311791e-16
   0.00000000e+00 -3.81245036e-16  0.00000000e+00 -2.98927549e-16
   0.00000000e+00 -6.18782803e-17  5.82200954e-17 -1.57320000e+00
  -4.36650716e-17  4.11260000e+00  0.00000000e+00 -3.46560000e+00
   2.91100477e-17  1.99840144e-15  2.91100477e-17  5.55888668e-17]
 [-2.91100477e-16 -0.00000000e+00 -1.74660286e-16 -0.00000000e+00
   2.96984659e-16  1.14375176e-16  2.35178543e-16  0.00000000e+00
   2.35178543e-16 -7.63833441e-17  1.33226763e-15  0.00000000e+00
  -1.57320000e+00  0.00000000e+00  4.11260000e+00  1.99840144e-18
  -8.88178420e-16 -5.82200954e-17 -8.88178420e-16  1.23634436e-16]
 [-1.81554771e-16  3.94517752e-16  5.32024425e-16  3.81245036e-16
  -1.14375176e-16  2.93592928e-16  0.00000000e+00  3.96149780e-16
   0.00000000e+00 -7.35411732e-17  7.54563079e-17 -4.17660351e-16
  -7.11664061e-16 -3.46560000e+00  1.99840144e-18  4.11260000e+00
   0.00000000e+00  1.57320000e+00  0.00000000e+00  5.55111512e-17]
 [ 2.07028839e-16 -2.66453526e-19 -2.88036262e-16 -0.00000000e+00
  -2.35178543e-16 -0.00000000e+00 -1.94322336e-16  1.81410442e-16
  -1.41464618e-16 -1.21547217e-16 -4.11260000e+00 -5.32907052e-19
  -3.46560000e+00  2.91100477e-17 -8.88178420e-16  0.00000000e+00
   4.11260000e+00 -2.00445216e-16  4.11260000e+00  1.36202161e-16]
 [ 4.36650716e-17  7.46536166e-16 -2.94397839e-16  2.98927549e-16
  -0.00000000e+00 -3.96149780e-16 -1.81410442e-16  1.63586922e-15
   9.61897229e-17  1.15463195e-18 -9.11271059e-17 -3.46560000e+00
  -2.12796447e-16  1.99840144e-15 -5.82200954e-17  1.57320000e+00
  -2.00445216e-16  4.11260000e+00  0.00000000e+00  3.64800000e-01]
 [ 2.79171131e-16 -0.00000000e+00 -4.80948614e-16 -0.00000000e+00
  -2.35178543e-16 -0.00000000e+00  1.41464618e-16 -9.61897229e-17
  -3.35764749e-16 -1.48636659e-16 -4.11260000e+00  0.00000000e+00
  -3.46560000e+00  2.91100477e-17 -8.88178420e-16  0.00000000e+00
   4.11260000e+00  0.00000000e+00  4.11260000e+00  1.30073730e-16]
 [ 1.29674049e-17  1.03372866e-16  6.56030785e-17  6.18782803e-17
   7.63833441e-17  7.35411732e-17  1.21547217e-16 -1.15463195e-18
   1.48636659e-16  2.92421642e-15  1.24344979e-18 -1.94289029e-16
   6.56030785e-17  5.55888668e-17  1.23634436e-16  5.55111512e-17
   1.36202161e-16  3.64800000e-01  1.30073730e-16  4.11260000e+00]]
r:[[ 0.00000000e+00]
 [-1.52000000e+00]
 [ 0.00000000e+00]
 [ 0.00000000e+00]
 [ 0.00000000e+00]
 [ 6.90000000e-01]
 [ 0.00000000e+00]
 [ 1.14000000e+00]
 [ 0.00000000e+00]
 [ 1.60000000e-01]
 [ 0.00000000e+00]
 [ 1.66533454e-18]
 [ 6.32827124e-17]
 [ 0.00000000e+00]
 [ 0.00000000e+00]
 [ 7.66053887e-17]
 [ 0.00000000e+00]
 [-7.59392549e-16]
 [ 0.00000000e+00]
 [ 8.88178420e-18]]
Iterations are:[1, 2, 3, 4, 5, 6, 7, 8, 9, 10]
Losses are:[1.0, 0.43821426191405966, 0.43821426191400514, 0.3419165607301572, 0.34191656073016474, 0.32245735992727975, 0.3224480765068921, 0.04488378552360395, 0.04488398027303131, 0.0016124815988858288]
