qubit number is:9
term number is:6
condition number is:3.80872654914856
Pauli strings are:[['X', 'X', 'Z', 'X', 'Y', 'X', 'Y', 'I', 'X'], ['X', 'Y', 'Z', 'X', 'I', 'Y', 'X', 'X', 'Y'], ['Y', 'I', 'X', 'Y', 'Y', 'I', 'I', 'X', 'Z'], ['I', 'Y', 'I', 'X', 'Z', 'Z', 'X', 'I', 'Z'], ['Y', 'X', 'I', 'X', 'Y', 'X', 'X', 'I', 'X'], ['Y', 'X', 'Z', 'Z', 'Z', 'I', 'Z', 'I', 'X']]
Coefficients of the terms are:[ 2.37  0.07 -0.3   2.65 -1.49 -0.85]
Itr:1
Q:[[ 1.56769000e+01 -8.54499804e-16]
 [ 8.54499804e-16  1.56769000e+01]]
r:[[0.]
 [0.]]
Itr:2
Q:[[ 1.56769000e+01 -5.13367127e-16 -8.54499804e-16  6.60582700e-18]
 [-5.13367127e-16  1.56769000e+01 -6.60582700e-18 -6.86312118e-16]
 [ 8.54499804e-16 -6.60582700e-18  1.56769000e+01 -5.13367127e-16]
 [ 6.60582700e-18  6.86312118e-16 -5.13367127e-16  1.56769000e+01]]
r:[[0.00000000e+00]
 [2.65000000e+00]
 [0.00000000e+00]
 [4.41313652e-16]]
Itr:3
Q:[[ 1.56769000e+01 -5.13367127e-16 -1.59000000e+00 -8.54499804e-16
   6.60582700e-18  4.28101998e-16]
 [-5.13367127e-16  1.56769000e+01  3.60728114e-16 -6.60582700e-18
  -6.86312118e-16 -2.81386026e-17]
 [-1.59000000e+00  3.60728114e-16  1.56769000e+01 -4.28101998e-16
   2.81386026e-17  4.01512157e-17]
 [ 8.54499804e-16 -6.60582700e-18 -4.28101998e-16  1.56769000e+01
  -5.13367127e-16 -1.59000000e+00]
 [ 6.60582700e-18  6.86312118e-16  2.81386026e-17 -5.13367127e-16
   1.56769000e+01  3.60728114e-16]
 [ 4.28101998e-16 -2.81386026e-17 -4.01512157e-17 -1.59000000e+00
   3.60728114e-16  1.56769000e+01]]
r:[[0.00000000e+00]
 [2.65000000e+00]
 [0.00000000e+00]
 [0.00000000e+00]
 [4.41313652e-16]
 [0.00000000e+00]]
Itr:4
Q:[[ 1.56769000e+01 -5.13367127e-16 -1.59000000e+00 -8.81467122e-16
  -8.54499804e-16  6.60582700e-18  4.28101998e-16  3.07670556e-16]
 [-5.13367127e-16  1.56769000e+01  3.60728114e-16  1.42200000e+00
  -6.60582700e-18 -6.86312118e-16 -2.81386026e-17  1.05521147e-16]
 [-1.59000000e+00  3.60728114e-16  1.56769000e+01  5.17780263e-16
  -4.28101998e-16  2.81386026e-17  4.01512157e-17 -7.00417502e-16]
 [-8.81467122e-16  1.42200000e+00  5.17780263e-16  1.56769000e+01
  -3.07670556e-16 -1.05521147e-16  7.00417502e-16  1.76308412e-15]
 [ 8.54499804e-16 -6.60582700e-18 -4.28101998e-16 -3.07670556e-16
   1.56769000e+01 -5.13367127e-16 -1.59000000e+00 -8.81467122e-16]
 [ 6.60582700e-18  6.86312118e-16  2.81386026e-17 -1.05521147e-16
  -5.13367127e-16  1.56769000e+01  3.60728114e-16  1.42200000e+00]
 [ 4.28101998e-16 -2.81386026e-17 -4.01512157e-17  7.00417502e-16
  -1.59000000e+00  3.60728114e-16  1.56769000e+01  5.17780263e-16]
 [ 3.07670556e-16  1.05521147e-16 -7.00417502e-16 -1.76308412e-15
  -8.81467122e-16  1.42200000e+00  5.17780263e-16  1.56769000e+01]]
r:[[0.00000000e+00]
 [2.65000000e+00]
 [0.00000000e+00]
 [0.00000000e+00]
 [0.00000000e+00]
 [4.41313652e-16]
 [0.00000000e+00]
 [0.00000000e+00]]
Itr:5
Q:[[ 1.56769000e+01 -5.13367127e-16 -1.59000000e+00 -8.81467122e-16
  -1.59000000e+00 -8.54499804e-16  6.60582700e-18  4.28101998e-16
   3.07670556e-16  4.41313652e-16]
 [-5.13367127e-16  1.56769000e+01  3.60728114e-16  1.42200000e+00
   2.03709272e-16 -6.60582700e-18 -6.86312118e-16 -2.81386026e-17
   1.05521147e-16  4.96080954e-16]
 [-1.59000000e+00  3.60728114e-16  1.56769000e+01  5.17780263e-16
   1.56769000e+01 -4.28101998e-16  2.81386026e-17  4.01512157e-17
  -7.00417502e-16 -5.12256904e-16]
 [-8.81467122e-16  1.42200000e+00  5.17780263e-16  1.56769000e+01
  -2.81441537e-17 -3.07670556e-16 -1.05521147e-16  7.00417502e-16
   1.76308412e-15  1.23234756e-17]
 [-1.59000000e+00  2.03709272e-16  1.56769000e+01 -2.81441537e-17
   1.56769000e+01 -4.41313652e-16 -4.96080954e-16  5.12256904e-16
  -1.23234756e-17  6.44689857e-16]
 [ 8.54499804e-16 -6.60582700e-18 -4.28101998e-16 -3.07670556e-16
  -4.41313652e-16  1.56769000e+01 -5.13367127e-16 -1.59000000e+00
  -8.81467122e-16 -1.59000000e+00]
 [ 6.60582700e-18  6.86312118e-16  2.81386026e-17 -1.05521147e-16
  -4.96080954e-16 -5.13367127e-16  1.56769000e+01  3.60728114e-16
   1.42200000e+00  2.03709272e-16]
 [ 4.28101998e-16 -2.81386026e-17 -4.01512157e-17  7.00417502e-16
   5.12256904e-16 -1.59000000e+00  3.60728114e-16  1.56769000e+01
   5.17780263e-16  1.56769000e+01]
 [ 3.07670556e-16  1.05521147e-16 -7.00417502e-16 -1.76308412e-15
  -1.23234756e-17 -8.81467122e-16  1.42200000e+00  5.17780263e-16
   1.56769000e+01 -2.81441537e-17]
 [ 4.41313652e-16  4.96080954e-16 -5.12256904e-16  1.23234756e-17
  -6.44689857e-16 -1.59000000e+00  2.03709272e-16  1.56769000e+01
  -2.81441537e-17  1.56769000e+01]]
r:[[ 0.00000000e+00]
 [ 2.65000000e+00]
 [ 0.00000000e+00]
 [ 0.00000000e+00]
 [ 2.94209102e-16]
 [ 0.00000000e+00]
 [ 4.41313652e-16]
 [ 0.00000000e+00]
 [ 0.00000000e+00]
 [-1.47104551e-16]]
Itr:6
Q:[[ 1.56769000e+01 -5.13367127e-16 -1.59000000e+00 -8.81467122e-16
  -1.59000000e+00  5.05473441e-16 -8.54499804e-16  6.60582700e-18
   4.28101998e-16  3.07670556e-16  4.41313652e-16  6.57252031e-18]
 [-5.13367127e-16  1.56769000e+01  3.60728114e-16  1.42200000e+00
   2.03709272e-16  8.94000000e-01 -6.60582700e-18 -6.86312118e-16
  -2.81386026e-17  1.05521147e-16  4.96080954e-16  1.14477872e-15]
 [-1.59000000e+00  3.60728114e-16  1.56769000e+01  5.17780263e-16
   1.56769000e+01  4.10588230e-16 -4.28101998e-16  2.81386026e-17
   4.01512157e-17 -7.00417502e-16 -5.12256904e-16 -1.67534320e-15]
 [-8.81467122e-16  1.42200000e+00  5.17780263e-16  1.56769000e+01
  -2.81441537e-17  7.06260000e+00 -3.07670556e-16 -1.05521147e-16
   7.00417502e-16  1.76308412e-15  1.23234756e-17 -1.19713683e-15]
 [-1.59000000e+00  2.03709272e-16  1.56769000e+01 -2.81441537e-17
   1.56769000e+01  6.09456929e-16 -4.41313652e-16 -4.96080954e-16
   5.12256904e-16 -1.23234756e-17  6.44689857e-16 -1.93804417e-15]
 [ 5.05473441e-16  8.94000000e-01  4.10588230e-16  7.06260000e+00
   6.09456929e-16  1.56769000e+01 -6.57252031e-18 -1.14477872e-15
   1.67534320e-15  1.19713683e-15  1.93804417e-15 -3.68198805e-15]
 [ 8.54499804e-16 -6.60582700e-18 -4.28101998e-16 -3.07670556e-16
  -4.41313652e-16 -6.57252031e-18  1.56769000e+01 -5.13367127e-16
  -1.59000000e+00 -8.81467122e-16 -1.59000000e+00  5.05473441e-16]
 [ 6.60582700e-18  6.86312118e-16  2.81386026e-17 -1.05521147e-16
  -4.96080954e-16 -1.14477872e-15 -5.13367127e-16  1.56769000e+01
   3.60728114e-16  1.42200000e+00  2.03709272e-16  8.94000000e-01]
 [ 4.28101998e-16 -2.81386026e-17 -4.01512157e-17  7.00417502e-16
   5.12256904e-16  1.67534320e-15 -1.59000000e+00  3.60728114e-16
   1.56769000e+01  5.17780263e-16  1.56769000e+01  4.10588230e-16]
 [ 3.07670556e-16  1.05521147e-16 -7.00417502e-16 -1.76308412e-15
  -1.23234756e-17  1.19713683e-15 -8.81467122e-16  1.42200000e+00
   5.17780263e-16  1.56769000e+01 -2.81441537e-17  7.06260000e+00]
 [ 4.41313652e-16  4.96080954e-16 -5.12256904e-16  1.23234756e-17
  -6.44689857e-16  1.93804417e-15 -1.59000000e+00  2.03709272e-16
   1.56769000e+01 -2.81441537e-17  1.56769000e+01  6.09456929e-16]
 [ 6.57252031e-18  1.14477872e-15 -1.67534320e-15 -1.19713683e-15
  -1.93804417e-15  3.68198805e-15  5.05473441e-16  8.94000000e-01
   4.10588230e-16  7.06260000e+00  6.09456929e-16  1.56769000e+01]]
r:[[ 0.00000000e+00]
 [ 2.65000000e+00]
 [ 0.00000000e+00]
 [ 0.00000000e+00]
 [ 2.94209102e-16]
 [ 0.00000000e+00]
 [ 0.00000000e+00]
 [ 4.41313652e-16]
 [ 0.00000000e+00]
 [ 0.00000000e+00]
 [-1.47104551e-16]
 [ 0.00000000e+00]]
Itr:7
Q:[[ 1.56769000e+01 -5.13367127e-16 -1.59000000e+00 -8.81467122e-16
  -1.59000000e+00  5.05473441e-16 -1.59000000e+00 -8.54499804e-16
   6.60582700e-18  4.28101998e-16  3.07670556e-16  4.41313652e-16
   6.57252031e-18  4.41313652e-16]
 [-5.13367127e-16  1.56769000e+01  3.60728114e-16  1.42200000e+00
   2.03709272e-16  8.94000000e-01  1.13981047e-16 -6.60582700e-18
  -6.86312118e-16 -2.81386026e-17  1.05521147e-16  4.96080954e-16
   1.14477872e-15  1.84909310e-15]
 [-1.59000000e+00  3.60728114e-16  1.56769000e+01  5.17780263e-16
   1.56769000e+01  4.10588230e-16  1.56769000e+01 -4.28101998e-16
   2.81386026e-17  4.01512157e-17 -7.00417502e-16 -5.12256904e-16
  -1.67534320e-15 -6.77236045e-17]
 [-8.81467122e-16  1.42200000e+00  5.17780263e-16  1.56769000e+01
  -2.81441537e-17  7.06260000e+00  7.71105402e-16 -3.07670556e-16
  -1.05521147e-16  7.00417502e-16  1.76308412e-15  1.23234756e-17
  -1.19713683e-15 -1.69309011e-18]
 [-1.59000000e+00  2.03709272e-16  1.56769000e+01 -2.81441537e-17
   1.56769000e+01  6.09456929e-16  1.56769000e+01 -4.41313652e-16
  -4.96080954e-16  5.12256904e-16 -1.23234756e-17  6.44689857e-16
  -1.93804417e-15  1.29389832e-15]
 [ 5.05473441e-16  8.94000000e-01  4.10588230e-16  7.06260000e+00
   6.09456929e-16  1.56769000e+01  1.22540866e-16 -6.57252031e-18
  -1.14477872e-15  1.67534320e-15  1.19713683e-15  1.93804417e-15
  -3.68198805e-15  1.11685661e-15]
 [-1.59000000e+00  1.13981047e-16  1.56769000e+01  7.71105402e-16
   1.56769000e+01  1.22540866e-16  1.56769000e+01 -4.41313652e-16
  -1.84909310e-15  6.77236045e-17  1.69309011e-18 -1.29389832e-15
  -1.11685661e-15  4.81353846e-16]
 [ 8.54499804e-16 -6.60582700e-18 -4.28101998e-16 -3.07670556e-16
  -4.41313652e-16 -6.57252031e-18 -4.41313652e-16  1.56769000e+01
  -5.13367127e-16 -1.59000000e+00 -8.81467122e-16 -1.59000000e+00
   5.05473441e-16 -1.59000000e+00]
 [ 6.60582700e-18  6.86312118e-16  2.81386026e-17 -1.05521147e-16
  -4.96080954e-16 -1.14477872e-15 -1.84909310e-15 -5.13367127e-16
   1.56769000e+01  3.60728114e-16  1.42200000e+00  2.03709272e-16
   8.94000000e-01  1.13981047e-16]
 [ 4.28101998e-16 -2.81386026e-17 -4.01512157e-17  7.00417502e-16
   5.12256904e-16  1.67534320e-15  6.77236045e-17 -1.59000000e+00
   3.60728114e-16  1.56769000e+01  5.17780263e-16  1.56769000e+01
   4.10588230e-16  1.56769000e+01]
 [ 3.07670556e-16  1.05521147e-16 -7.00417502e-16 -1.76308412e-15
  -1.23234756e-17  1.19713683e-15  1.69309011e-18 -8.81467122e-16
   1.42200000e+00  5.17780263e-16  1.56769000e+01 -2.81441537e-17
   7.06260000e+00  7.71105402e-16]
 [ 4.41313652e-16  4.96080954e-16 -5.12256904e-16  1.23234756e-17
  -6.44689857e-16  1.93804417e-15 -1.29389832e-15 -1.59000000e+00
   2.03709272e-16  1.56769000e+01 -2.81441537e-17  1.56769000e+01
   6.09456929e-16  1.56769000e+01]
 [ 6.57252031e-18  1.14477872e-15 -1.67534320e-15 -1.19713683e-15
  -1.93804417e-15  3.68198805e-15 -1.11685661e-15  5.05473441e-16
   8.94000000e-01  4.10588230e-16  7.06260000e+00  6.09456929e-16
   1.56769000e+01  1.22540866e-16]
 [ 4.41313652e-16  1.84909310e-15 -6.77236045e-17 -1.69309011e-18
   1.29389832e-15  1.11685661e-15 -4.81353846e-16 -1.59000000e+00
   1.13981047e-16  1.56769000e+01  7.71105402e-16  1.56769000e+01
   1.22540866e-16  1.56769000e+01]]
r:[[ 0.00000000e+00]
 [ 2.65000000e+00]
 [ 0.00000000e+00]
 [ 0.00000000e+00]
 [ 2.94209102e-16]
 [ 0.00000000e+00]
 [ 8.82627305e-16]
 [ 0.00000000e+00]
 [ 4.41313652e-16]
 [ 0.00000000e+00]
 [ 0.00000000e+00]
 [-1.47104551e-16]
 [ 0.00000000e+00]
 [-5.88418203e-16]]
Itr:8
Q:[[ 1.56769000e+01 -5.13367127e-16 -1.59000000e+00 -8.81467122e-16
  -1.59000000e+00  5.05473441e-16 -1.59000000e+00 -6.15574258e-16
  -8.54499804e-16  6.60582700e-18  4.28101998e-16  3.07670556e-16
   4.41313652e-16  6.57252031e-18  4.41313652e-16  4.15989465e-16]
 [-5.13367127e-16  1.56769000e+01  3.60728114e-16  1.42200000e+00
   2.03709272e-16  8.94000000e-01  1.13981047e-16 -1.59000000e+00
  -6.60582700e-18 -6.86312118e-16 -2.81386026e-17  1.05521147e-16
   4.96080954e-16  1.14477872e-15  1.84909310e-15 -4.18859392e-16]
 [-1.59000000e+00  3.60728114e-16  1.56769000e+01  5.17780263e-16
   1.56769000e+01  4.10588230e-16  1.56769000e+01  5.83533222e-16
  -4.28101998e-16  2.81386026e-17  4.01512157e-17 -7.00417502e-16
  -5.12256904e-16 -1.67534320e-15 -6.77236045e-17 -2.12962981e-16]
 [-8.81467122e-16  1.42200000e+00  5.17780263e-16  1.56769000e+01
  -2.81441537e-17  7.06260000e+00  7.71105402e-16  4.80876450e-15
  -3.07670556e-16 -1.05521147e-16  7.00417502e-16  1.76308412e-15
   1.23234756e-17 -1.19713683e-15 -1.69309011e-18  6.65550948e-16]
 [-1.59000000e+00  2.03709272e-16  1.56769000e+01 -2.81441537e-17
   1.56769000e+01  6.09456929e-16  1.56769000e+01  7.55062679e-16
  -4.41313652e-16 -4.96080954e-16  5.12256904e-16 -1.23234756e-17
   6.44689857e-16 -1.93804417e-15  1.29389832e-15 -7.69939668e-17]
 [ 5.05473441e-16  8.94000000e-01  4.10588230e-16  7.06260000e+00
   6.09456929e-16  1.56769000e+01  1.22540866e-16 -7.89700000e+00
  -6.57252031e-18 -1.14477872e-15  1.67534320e-15  1.19713683e-15
   1.93804417e-15 -3.68198805e-15  1.11685661e-15 -2.11899942e-15]
 [-1.59000000e+00  1.13981047e-16  1.56769000e+01  7.71105402e-16
   1.56769000e+01  1.22540866e-16  1.56769000e+01  1.01485487e-16
  -4.41313652e-16 -1.84909310e-15  6.77236045e-17  1.69309011e-18
  -1.29389832e-15 -1.11685661e-15  4.81353846e-16  4.22928359e-16]
 [-6.15574258e-16 -1.59000000e+00  5.83533222e-16  4.80876450e-15
   7.55062679e-16 -7.89700000e+00  1.01485487e-16  1.56769000e+01
  -4.15989465e-16  4.18859392e-16  2.12962981e-16 -6.65550948e-16
   7.69939668e-17  2.11899942e-15 -4.22928359e-16 -7.14467374e-16]
 [ 8.54499804e-16 -6.60582700e-18 -4.28101998e-16 -3.07670556e-16
  -4.41313652e-16 -6.57252031e-18 -4.41313652e-16 -4.15989465e-16
   1.56769000e+01 -5.13367127e-16 -1.59000000e+00 -8.81467122e-16
  -1.59000000e+00  5.05473441e-16 -1.59000000e+00 -6.15574258e-16]
 [ 6.60582700e-18  6.86312118e-16  2.81386026e-17 -1.05521147e-16
  -4.96080954e-16 -1.14477872e-15 -1.84909310e-15  4.18859392e-16
  -5.13367127e-16  1.56769000e+01  3.60728114e-16  1.42200000e+00
   2.03709272e-16  8.94000000e-01  1.13981047e-16 -1.59000000e+00]
 [ 4.28101998e-16 -2.81386026e-17 -4.01512157e-17  7.00417502e-16
   5.12256904e-16  1.67534320e-15  6.77236045e-17  2.12962981e-16
  -1.59000000e+00  3.60728114e-16  1.56769000e+01  5.17780263e-16
   1.56769000e+01  4.10588230e-16  1.56769000e+01  5.83533222e-16]
 [ 3.07670556e-16  1.05521147e-16 -7.00417502e-16 -1.76308412e-15
  -1.23234756e-17  1.19713683e-15  1.69309011e-18 -6.65550948e-16
  -8.81467122e-16  1.42200000e+00  5.17780263e-16  1.56769000e+01
  -2.81441537e-17  7.06260000e+00  7.71105402e-16  4.80876450e-15]
 [ 4.41313652e-16  4.96080954e-16 -5.12256904e-16  1.23234756e-17
  -6.44689857e-16  1.93804417e-15 -1.29389832e-15  7.69939668e-17
  -1.59000000e+00  2.03709272e-16  1.56769000e+01 -2.81441537e-17
   1.56769000e+01  6.09456929e-16  1.56769000e+01  7.55062679e-16]
 [ 6.57252031e-18  1.14477872e-15 -1.67534320e-15 -1.19713683e-15
  -1.93804417e-15  3.68198805e-15 -1.11685661e-15  2.11899942e-15
   5.05473441e-16  8.94000000e-01  4.10588230e-16  7.06260000e+00
   6.09456929e-16  1.56769000e+01  1.22540866e-16 -7.89700000e+00]
 [ 4.41313652e-16  1.84909310e-15 -6.77236045e-17 -1.69309011e-18
   1.29389832e-15  1.11685661e-15 -4.81353846e-16 -4.22928359e-16
  -1.59000000e+00  1.13981047e-16  1.56769000e+01  7.71105402e-16
   1.56769000e+01  1.22540866e-16  1.56769000e+01  1.01485487e-16]
 [ 4.15989465e-16 -4.18859392e-16 -2.12962981e-16  6.65550948e-16
  -7.69939668e-17 -2.11899942e-15  4.22928359e-16  7.14467374e-16
  -6.15574258e-16 -1.59000000e+00  5.83533222e-16  4.80876450e-15
   7.55062679e-16 -7.89700000e+00  1.01485487e-16  1.56769000e+01]]
r:[[ 0.00000000e+00]
 [ 2.65000000e+00]
 [ 0.00000000e+00]
 [ 0.00000000e+00]
 [ 2.94209102e-16]
 [ 0.00000000e+00]
 [ 8.82627305e-16]
 [-3.00000000e-01]
 [ 0.00000000e+00]
 [ 4.41313652e-16]
 [ 0.00000000e+00]
 [ 0.00000000e+00]
 [-1.47104551e-16]
 [ 0.00000000e+00]
 [-5.88418203e-16]
 [-1.66533454e-17]]
Itr:9
Q:[[ 1.56769000e+01 -5.13367127e-16 -1.59000000e+00 -8.81467122e-16
  -1.59000000e+00  5.05473441e-16 -1.59000000e+00 -6.15574258e-16
   1.56769000e+01 -8.54499804e-16  6.60582700e-18  4.28101998e-16
   3.07670556e-16  4.41313652e-16  6.57252031e-18  4.41313652e-16
   4.15989465e-16  4.32986980e-16]
 [-5.13367127e-16  1.56769000e+01  3.60728114e-16  1.42200000e+00
   2.03709272e-16  8.94000000e-01  1.13981047e-16 -1.59000000e+00
   8.16569035e-17 -6.60582700e-18 -6.86312118e-16 -2.81386026e-17
   1.05521147e-16  4.96080954e-16  1.14477872e-15  1.84909310e-15
  -4.18859392e-16 -5.17841325e-16]
 [-1.59000000e+00  3.60728114e-16  1.56769000e+01  5.17780263e-16
   1.56769000e+01  4.10588230e-16  1.56769000e+01  5.83533222e-16
  -1.59000000e+00 -4.28101998e-16  2.81386026e-17  4.01512157e-17
  -7.00417502e-16 -5.12256904e-16 -1.67534320e-15 -6.77236045e-17
  -2.12962981e-16 -1.92335037e-16]
 [-8.81467122e-16  1.42200000e+00  5.17780263e-16  1.56769000e+01
  -2.81441537e-17  7.06260000e+00  7.71105402e-16  4.80876450e-15
  -1.45486401e-15 -3.07670556e-16 -1.05521147e-16  7.00417502e-16
   1.76308412e-15  1.23234756e-17 -1.19713683e-15 -1.69309011e-18
   6.65550948e-16  8.47322212e-16]
 [-1.59000000e+00  2.03709272e-16  1.56769000e+01 -2.81441537e-17
   1.56769000e+01  6.09456929e-16  1.56769000e+01  7.55062679e-16
  -1.59000000e+00 -4.41313652e-16 -4.96080954e-16  5.12256904e-16
  -1.23234756e-17  6.44689857e-16 -1.93804417e-15  1.29389832e-15
  -7.69939668e-17 -2.15327756e-16]
 [ 5.05473441e-16  8.94000000e-01  4.10588230e-16  7.06260000e+00
   6.09456929e-16  1.56769000e+01  1.22540866e-16 -7.89700000e+00
  -3.64672181e-15 -6.57252031e-18 -1.14477872e-15  1.67534320e-15
   1.19713683e-15  1.93804417e-15 -3.68198805e-15  1.11685661e-15
  -2.11899942e-15 -1.48889234e-15]
 [-1.59000000e+00  1.13981047e-16  1.56769000e+01  7.71105402e-16
   1.56769000e+01  1.22540866e-16  1.56769000e+01  1.01485487e-16
  -1.59000000e+00 -4.41313652e-16 -1.84909310e-15  6.77236045e-17
   1.69309011e-18 -1.29389832e-15 -1.11685661e-15  4.81353846e-16
   4.22928359e-16  8.80240325e-17]
 [-6.15574258e-16 -1.59000000e+00  5.83533222e-16  4.80876450e-15
   7.55062679e-16 -7.89700000e+00  1.01485487e-16  1.56769000e+01
  -2.47113441e-16 -4.15989465e-16  4.18859392e-16  2.12962981e-16
  -6.65550948e-16  7.69939668e-17  2.11899942e-15 -4.22928359e-16
  -7.14467374e-16 -1.06918918e-15]
 [ 1.56769000e+01  8.16569035e-17 -1.59000000e+00 -1.45486401e-15
  -1.59000000e+00 -3.64672181e-15 -1.59000000e+00 -2.47113441e-16
   1.56769000e+01 -4.32986980e-16  5.17841325e-16  1.92335037e-16
  -8.47322212e-16  2.15327756e-16  1.48889234e-15 -8.80240325e-17
   1.06918918e-15 -3.21770388e-16]
 [ 8.54499804e-16 -6.60582700e-18 -4.28101998e-16 -3.07670556e-16
  -4.41313652e-16 -6.57252031e-18 -4.41313652e-16 -4.15989465e-16
  -4.32986980e-16  1.56769000e+01 -5.13367127e-16 -1.59000000e+00
  -8.81467122e-16 -1.59000000e+00  5.05473441e-16 -1.59000000e+00
  -6.15574258e-16  1.56769000e+01]
 [ 6.60582700e-18  6.86312118e-16  2.81386026e-17 -1.05521147e-16
  -4.96080954e-16 -1.14477872e-15 -1.84909310e-15  4.18859392e-16
   5.17841325e-16 -5.13367127e-16  1.56769000e+01  3.60728114e-16
   1.42200000e+00  2.03709272e-16  8.94000000e-01  1.13981047e-16
  -1.59000000e+00  8.16569035e-17]
 [ 4.28101998e-16 -2.81386026e-17 -4.01512157e-17  7.00417502e-16
   5.12256904e-16  1.67534320e-15  6.77236045e-17  2.12962981e-16
   1.92335037e-16 -1.59000000e+00  3.60728114e-16  1.56769000e+01
   5.17780263e-16  1.56769000e+01  4.10588230e-16  1.56769000e+01
   5.83533222e-16 -1.59000000e+00]
 [ 3.07670556e-16  1.05521147e-16 -7.00417502e-16 -1.76308412e-15
  -1.23234756e-17  1.19713683e-15  1.69309011e-18 -6.65550948e-16
  -8.47322212e-16 -8.81467122e-16  1.42200000e+00  5.17780263e-16
   1.56769000e+01 -2.81441537e-17  7.06260000e+00  7.71105402e-16
   4.80876450e-15 -1.45486401e-15]
 [ 4.41313652e-16  4.96080954e-16 -5.12256904e-16  1.23234756e-17
  -6.44689857e-16  1.93804417e-15 -1.29389832e-15  7.69939668e-17
   2.15327756e-16 -1.59000000e+00  2.03709272e-16  1.56769000e+01
  -2.81441537e-17  1.56769000e+01  6.09456929e-16  1.56769000e+01
   7.55062679e-16 -1.59000000e+00]
 [ 6.57252031e-18  1.14477872e-15 -1.67534320e-15 -1.19713683e-15
  -1.93804417e-15  3.68198805e-15 -1.11685661e-15  2.11899942e-15
   1.48889234e-15  5.05473441e-16  8.94000000e-01  4.10588230e-16
   7.06260000e+00  6.09456929e-16  1.56769000e+01  1.22540866e-16
  -7.89700000e+00 -3.64672181e-15]
 [ 4.41313652e-16  1.84909310e-15 -6.77236045e-17 -1.69309011e-18
   1.29389832e-15  1.11685661e-15 -4.81353846e-16 -4.22928359e-16
  -8.80240325e-17 -1.59000000e+00  1.13981047e-16  1.56769000e+01
   7.71105402e-16  1.56769000e+01  1.22540866e-16  1.56769000e+01
   1.01485487e-16 -1.59000000e+00]
 [ 4.15989465e-16 -4.18859392e-16 -2.12962981e-16  6.65550948e-16
  -7.69939668e-17 -2.11899942e-15  4.22928359e-16  7.14467374e-16
   1.06918918e-15 -6.15574258e-16 -1.59000000e+00  5.83533222e-16
   4.80876450e-15  7.55062679e-16 -7.89700000e+00  1.01485487e-16
   1.56769000e+01 -2.47113441e-16]
 [ 4.32986980e-16 -5.17841325e-16 -1.92335037e-16  8.47322212e-16
  -2.15327756e-16 -1.48889234e-15  8.80240325e-17 -1.06918918e-15
   3.21770388e-16  1.56769000e+01  8.16569035e-17 -1.59000000e+00
  -1.45486401e-15 -1.59000000e+00 -3.64672181e-15 -1.59000000e+00
  -2.47113441e-16  1.56769000e+01]]
r:[[ 0.00000000e+00]
 [ 2.65000000e+00]
 [ 0.00000000e+00]
 [ 0.00000000e+00]
 [ 2.94209102e-16]
 [ 0.00000000e+00]
 [ 8.82627305e-16]
 [-3.00000000e-01]
 [ 0.00000000e+00]
 [ 0.00000000e+00]
 [ 4.41313652e-16]
 [ 0.00000000e+00]
 [ 0.00000000e+00]
 [-1.47104551e-16]
 [ 0.00000000e+00]
 [-5.88418203e-16]
 [-1.66533454e-17]
 [ 0.00000000e+00]]
Itr:10
Q:[[ 1.56769000e+01 -5.13367127e-16 -1.59000000e+00 -8.81467122e-16
  -1.59000000e+00  5.05473441e-16 -1.59000000e+00 -6.15574258e-16
   1.56769000e+01  1.75714998e-16 -8.54499804e-16  6.60582700e-18
   4.28101998e-16  3.07670556e-16  4.41313652e-16  6.57252031e-18
   4.41313652e-16  4.15989465e-16  4.32986980e-16  8.29891711e-17]
 [-5.13367127e-16  1.56769000e+01  3.60728114e-16  1.42200000e+00
   2.03709272e-16  8.94000000e-01  1.13981047e-16 -1.59000000e+00
   8.16569035e-17 -5.75631764e-15 -6.60582700e-18 -6.86312118e-16
  -2.81386026e-17  1.05521147e-16  4.96080954e-16  1.14477872e-15
   1.84909310e-15 -4.18859392e-16 -5.17841325e-16  4.31487623e-15]
 [-1.59000000e+00  3.60728114e-16  1.56769000e+01  5.17780263e-16
   1.56769000e+01  4.10588230e-16  1.56769000e+01  5.83533222e-16
  -1.59000000e+00  1.16975873e-15 -4.28101998e-16  2.81386026e-17
   4.01512157e-17 -7.00417502e-16 -5.12256904e-16 -1.67534320e-15
  -6.77236045e-17 -2.12962981e-16 -1.92335037e-16  2.01536010e-15]
 [-8.81467122e-16  1.42200000e+00  5.17780263e-16  1.56769000e+01
  -2.81441537e-17  7.06260000e+00  7.71105402e-16  4.80876450e-15
  -1.45486401e-15 -1.59000000e+00 -3.07670556e-16 -1.05521147e-16
   7.00417502e-16  1.76308412e-15  1.23234756e-17 -1.19713683e-15
  -1.69309011e-18  6.65550948e-16  8.47322212e-16  1.98677741e-15]
 [-1.59000000e+00  2.03709272e-16  1.56769000e+01 -2.81441537e-17
   1.56769000e+01  6.09456929e-16  1.56769000e+01  7.55062679e-16
  -1.59000000e+00  2.70733436e-15 -4.41313652e-16 -4.96080954e-16
   5.12256904e-16 -1.23234756e-17  6.44689857e-16 -1.93804417e-15
   1.29389832e-15 -7.69939668e-17 -2.15327756e-16  2.73909784e-15]
 [ 5.05473441e-16  8.94000000e-01  4.10588230e-16  7.06260000e+00
   6.09456929e-16  1.56769000e+01  1.22540866e-16 -7.89700000e+00
  -3.64672181e-15 -1.20203292e-15 -6.57252031e-18 -1.14477872e-15
   1.67534320e-15  1.19713683e-15  1.93804417e-15 -3.68198805e-15
   1.11685661e-15 -2.11899942e-15 -1.48889234e-15  9.99006433e-16]
 [-1.59000000e+00  1.13981047e-16  1.56769000e+01  7.71105402e-16
   1.56769000e+01  1.22540866e-16  1.56769000e+01  1.01485487e-16
  -1.59000000e+00  2.23657204e-15 -4.41313652e-16 -1.84909310e-15
   6.77236045e-17  1.69309011e-18 -1.29389832e-15 -1.11685661e-15
   4.81353846e-16  4.22928359e-16  8.80240325e-17  3.58768570e-15]
 [-6.15574258e-16 -1.59000000e+00  5.83533222e-16  4.80876450e-15
   7.55062679e-16 -7.89700000e+00  1.01485487e-16  1.56769000e+01
  -2.47113441e-16 -1.42200000e+00 -4.15989465e-16  4.18859392e-16
   2.12962981e-16 -6.65550948e-16  7.69939668e-17  2.11899942e-15
  -4.22928359e-16 -7.14467374e-16 -1.06918918e-15  2.05943596e-15]
 [ 1.56769000e+01  8.16569035e-17 -1.59000000e+00 -1.45486401e-15
  -1.59000000e+00 -3.64672181e-15 -1.59000000e+00 -2.47113441e-16
   1.56769000e+01 -9.30505673e-16 -4.32986980e-16  5.17841325e-16
   1.92335037e-16 -8.47322212e-16  2.15327756e-16  1.48889234e-15
  -8.80240325e-17  1.06918918e-15 -3.21770388e-16  1.83503768e-15]
 [ 1.75714998e-16 -5.75631764e-15  1.16975873e-15 -1.59000000e+00
   2.70733436e-15 -1.20203292e-15  2.23657204e-15 -1.42200000e+00
  -9.30505673e-16  1.56769000e+01 -8.29891711e-17 -4.31487623e-15
  -2.01536010e-15 -1.98677741e-15 -2.73909784e-15 -9.99006433e-16
  -3.58768570e-15 -2.05943596e-15 -1.83503768e-15  1.20712884e-15]
 [ 8.54499804e-16 -6.60582700e-18 -4.28101998e-16 -3.07670556e-16
  -4.41313652e-16 -6.57252031e-18 -4.41313652e-16 -4.15989465e-16
  -4.32986980e-16 -8.29891711e-17  1.56769000e+01 -5.13367127e-16
  -1.59000000e+00 -8.81467122e-16 -1.59000000e+00  5.05473441e-16
  -1.59000000e+00 -6.15574258e-16  1.56769000e+01  1.75714998e-16]
 [ 6.60582700e-18  6.86312118e-16  2.81386026e-17 -1.05521147e-16
  -4.96080954e-16 -1.14477872e-15 -1.84909310e-15  4.18859392e-16
   5.17841325e-16 -4.31487623e-15 -5.13367127e-16  1.56769000e+01
   3.60728114e-16  1.42200000e+00  2.03709272e-16  8.94000000e-01
   1.13981047e-16 -1.59000000e+00  8.16569035e-17 -5.75631764e-15]
 [ 4.28101998e-16 -2.81386026e-17 -4.01512157e-17  7.00417502e-16
   5.12256904e-16  1.67534320e-15  6.77236045e-17  2.12962981e-16
   1.92335037e-16 -2.01536010e-15 -1.59000000e+00  3.60728114e-16
   1.56769000e+01  5.17780263e-16  1.56769000e+01  4.10588230e-16
   1.56769000e+01  5.83533222e-16 -1.59000000e+00  1.16975873e-15]
 [ 3.07670556e-16  1.05521147e-16 -7.00417502e-16 -1.76308412e-15
  -1.23234756e-17  1.19713683e-15  1.69309011e-18 -6.65550948e-16
  -8.47322212e-16 -1.98677741e-15 -8.81467122e-16  1.42200000e+00
   5.17780263e-16  1.56769000e+01 -2.81441537e-17  7.06260000e+00
   7.71105402e-16  4.80876450e-15 -1.45486401e-15 -1.59000000e+00]
 [ 4.41313652e-16  4.96080954e-16 -5.12256904e-16  1.23234756e-17
  -6.44689857e-16  1.93804417e-15 -1.29389832e-15  7.69939668e-17
   2.15327756e-16 -2.73909784e-15 -1.59000000e+00  2.03709272e-16
   1.56769000e+01 -2.81441537e-17  1.56769000e+01  6.09456929e-16
   1.56769000e+01  7.55062679e-16 -1.59000000e+00  2.70733436e-15]
 [ 6.57252031e-18  1.14477872e-15 -1.67534320e-15 -1.19713683e-15
  -1.93804417e-15  3.68198805e-15 -1.11685661e-15  2.11899942e-15
   1.48889234e-15 -9.99006433e-16  5.05473441e-16  8.94000000e-01
   4.10588230e-16  7.06260000e+00  6.09456929e-16  1.56769000e+01
   1.22540866e-16 -7.89700000e+00 -3.64672181e-15 -1.20203292e-15]
 [ 4.41313652e-16  1.84909310e-15 -6.77236045e-17 -1.69309011e-18
   1.29389832e-15  1.11685661e-15 -4.81353846e-16 -4.22928359e-16
  -8.80240325e-17 -3.58768570e-15 -1.59000000e+00  1.13981047e-16
   1.56769000e+01  7.71105402e-16  1.56769000e+01  1.22540866e-16
   1.56769000e+01  1.01485487e-16 -1.59000000e+00  2.23657204e-15]
 [ 4.15989465e-16 -4.18859392e-16 -2.12962981e-16  6.65550948e-16
  -7.69939668e-17 -2.11899942e-15  4.22928359e-16  7.14467374e-16
   1.06918918e-15 -2.05943596e-15 -6.15574258e-16 -1.59000000e+00
   5.83533222e-16  4.80876450e-15  7.55062679e-16 -7.89700000e+00
   1.01485487e-16  1.56769000e+01 -2.47113441e-16 -1.42200000e+00]
 [ 4.32986980e-16 -5.17841325e-16 -1.92335037e-16  8.47322212e-16
  -2.15327756e-16 -1.48889234e-15  8.80240325e-17 -1.06918918e-15
   3.21770388e-16 -1.83503768e-15  1.56769000e+01  8.16569035e-17
  -1.59000000e+00 -1.45486401e-15 -1.59000000e+00 -3.64672181e-15
  -1.59000000e+00 -2.47113441e-16  1.56769000e+01 -9.30505673e-16]
 [ 8.29891711e-17  4.31487623e-15  2.01536010e-15  1.98677741e-15
   2.73909784e-15  9.99006433e-16  3.58768570e-15  2.05943596e-15
   1.83503768e-15 -1.20712884e-15  1.75714998e-16 -5.75631764e-15
   1.16975873e-15 -1.59000000e+00  2.70733436e-15 -1.20203292e-15
   2.23657204e-15 -1.42200000e+00 -9.30505673e-16  1.56769000e+01]]
r:[[ 0.00000000e+00]
 [ 2.65000000e+00]
 [ 0.00000000e+00]
 [ 0.00000000e+00]
 [ 2.94209102e-16]
 [ 0.00000000e+00]
 [ 8.82627305e-16]
 [-3.00000000e-01]
 [ 0.00000000e+00]
 [ 2.37000000e+00]
 [ 0.00000000e+00]
 [ 4.41313652e-16]
 [ 0.00000000e+00]
 [ 0.00000000e+00]
 [-1.47104551e-16]
 [ 0.00000000e+00]
 [-5.88418203e-16]
 [-1.66533454e-17]
 [ 0.00000000e+00]
 [-5.26245714e-16]]
Itr:11
Q:[[ 1.56769000e+01 -5.13367127e-16 -1.59000000e+00 -8.81467122e-16
  -1.59000000e+00  5.05473441e-16 -1.59000000e+00 -6.15574258e-16
   1.56769000e+01  1.75714998e-16  1.56769000e+01 -8.54499804e-16
   6.60582700e-18  4.28101998e-16  3.07670556e-16  4.41313652e-16
   6.57252031e-18  4.41313652e-16  4.15989465e-16  4.32986980e-16
   8.29891711e-17  1.75800485e-15]
 [-5.13367127e-16  1.56769000e+01  3.60728114e-16  1.42200000e+00
   2.03709272e-16  8.94000000e-01  1.13981047e-16 -1.59000000e+00
   8.16569035e-17 -5.75631764e-15  1.32394096e-16 -6.60582700e-18
  -6.86312118e-16 -2.81386026e-17  1.05521147e-16  4.96080954e-16
   1.14477872e-15  1.84909310e-15 -4.18859392e-16 -5.17841325e-16
   4.31487623e-15 -8.16569035e-17]
 [-1.59000000e+00  3.60728114e-16  1.56769000e+01  5.17780263e-16
   1.56769000e+01  4.10588230e-16  1.56769000e+01  5.83533222e-16
  -1.59000000e+00  1.16975873e-15 -1.59000000e+00 -4.28101998e-16
   2.81386026e-17  4.01512157e-17 -7.00417502e-16 -5.12256904e-16
  -1.67534320e-15 -6.77236045e-17 -2.12962981e-16 -1.92335037e-16
   2.01536010e-15  4.41313652e-17]
 [-8.81467122e-16  1.42200000e+00  5.17780263e-16  1.56769000e+01
  -2.81441537e-17  7.06260000e+00  7.71105402e-16  4.80876450e-15
  -1.45486401e-15 -1.59000000e+00  4.23466817e-16 -3.07670556e-16
  -1.05521147e-16  7.00417502e-16  1.76308412e-15  1.23234756e-17
  -1.19713683e-15 -1.69309011e-18  6.65550948e-16  8.47322212e-16
   1.98677741e-15 -8.04661893e-16]
 [-1.59000000e+00  2.03709272e-16  1.56769000e+01 -2.81441537e-17
   1.56769000e+01  6.09456929e-16  1.56769000e+01  7.55062679e-16
  -1.59000000e+00  2.70733436e-15 -1.59000000e+00 -4.41313652e-16
  -4.96080954e-16  5.12256904e-16 -1.23234756e-17  6.44689857e-16
  -1.93804417e-15  1.29389832e-15 -7.69939668e-17 -2.15327756e-16
   2.73909784e-15 -4.45921078e-17]
 [ 5.05473441e-16  8.94000000e-01  4.10588230e-16  7.06260000e+00
   6.09456929e-16  1.56769000e+01  1.22540866e-16 -7.89700000e+00
  -3.64672181e-15 -1.20203292e-15 -1.87300175e-15 -6.57252031e-18
  -1.14477872e-15  1.67534320e-15  1.19713683e-15  1.93804417e-15
  -3.68198805e-15  1.11685661e-15 -2.11899942e-15 -1.48889234e-15
   9.99006433e-16 -8.16430257e-16]
 [-1.59000000e+00  1.13981047e-16  1.56769000e+01  7.71105402e-16
   1.56769000e+01  1.22540866e-16  1.56769000e+01  1.01485487e-16
  -1.59000000e+00  2.23657204e-15 -1.59000000e+00 -4.41313652e-16
  -1.84909310e-15  6.77236045e-17  1.69309011e-18 -1.29389832e-15
  -1.11685661e-15  4.81353846e-16  4.22928359e-16  8.80240325e-17
   3.58768570e-15  1.34542377e-16]
 [-6.15574258e-16 -1.59000000e+00  5.83533222e-16  4.80876450e-15
   7.55062679e-16 -7.89700000e+00  1.01485487e-16  1.56769000e+01
  -2.47113441e-16 -1.42200000e+00 -1.91041627e-15 -4.15989465e-16
   4.18859392e-16  2.12962981e-16 -6.65550948e-16  7.69939668e-17
   2.11899942e-15 -4.22928359e-16 -7.14467374e-16 -1.06918918e-15
   2.05943596e-15 -4.38243886e-16]
 [ 1.56769000e+01  8.16569035e-17 -1.59000000e+00 -1.45486401e-15
  -1.59000000e+00 -3.64672181e-15 -1.59000000e+00 -2.47113441e-16
   1.56769000e+01 -9.30505673e-16  1.56769000e+01 -4.32986980e-16
   5.17841325e-16  1.92335037e-16 -8.47322212e-16  2.15327756e-16
   1.48889234e-15 -8.80240325e-17  1.06918918e-15 -3.21770388e-16
   1.83503768e-15  4.81398255e-16]
 [ 1.75714998e-16 -5.75631764e-15  1.16975873e-15 -1.59000000e+00
   2.70733436e-15 -1.20203292e-15  2.23657204e-15 -1.42200000e+00
  -9.30505673e-16  1.56769000e+01  8.29086799e-16 -8.29891711e-17
  -4.31487623e-15 -2.01536010e-15 -1.98677741e-15 -2.73909784e-15
  -9.99006433e-16 -3.58768570e-15 -2.05943596e-15 -1.83503768e-15
   1.20712884e-15  3.33066907e-18]
 [ 1.56769000e+01  1.32394096e-16 -1.59000000e+00  4.23466817e-16
  -1.59000000e+00 -1.87300175e-15 -1.59000000e+00 -1.91041627e-15
   1.56769000e+01  8.29086799e-16  1.56769000e+01 -1.75800485e-15
   8.16569035e-17 -4.41313652e-17  8.04661893e-16  4.45921078e-17
   8.16430257e-16 -1.34542377e-16  4.38243886e-16 -4.81398255e-16
  -3.33066907e-18 -3.45062867e-16]
 [ 8.54499804e-16 -6.60582700e-18 -4.28101998e-16 -3.07670556e-16
  -4.41313652e-16 -6.57252031e-18 -4.41313652e-16 -4.15989465e-16
  -4.32986980e-16 -8.29891711e-17 -1.75800485e-15  1.56769000e+01
  -5.13367127e-16 -1.59000000e+00 -8.81467122e-16 -1.59000000e+00
   5.05473441e-16 -1.59000000e+00 -6.15574258e-16  1.56769000e+01
   1.75714998e-16  1.56769000e+01]
 [ 6.60582700e-18  6.86312118e-16  2.81386026e-17 -1.05521147e-16
  -4.96080954e-16 -1.14477872e-15 -1.84909310e-15  4.18859392e-16
   5.17841325e-16 -4.31487623e-15  8.16569035e-17 -5.13367127e-16
   1.56769000e+01  3.60728114e-16  1.42200000e+00  2.03709272e-16
   8.94000000e-01  1.13981047e-16 -1.59000000e+00  8.16569035e-17
  -5.75631764e-15  1.32394096e-16]
 [ 4.28101998e-16 -2.81386026e-17 -4.01512157e-17  7.00417502e-16
   5.12256904e-16  1.67534320e-15  6.77236045e-17  2.12962981e-16
   1.92335037e-16 -2.01536010e-15 -4.41313652e-17 -1.59000000e+00
   3.60728114e-16  1.56769000e+01  5.17780263e-16  1.56769000e+01
   4.10588230e-16  1.56769000e+01  5.83533222e-16 -1.59000000e+00
   1.16975873e-15 -1.59000000e+00]
 [ 3.07670556e-16  1.05521147e-16 -7.00417502e-16 -1.76308412e-15
  -1.23234756e-17  1.19713683e-15  1.69309011e-18 -6.65550948e-16
  -8.47322212e-16 -1.98677741e-15  8.04661893e-16 -8.81467122e-16
   1.42200000e+00  5.17780263e-16  1.56769000e+01 -2.81441537e-17
   7.06260000e+00  7.71105402e-16  4.80876450e-15 -1.45486401e-15
  -1.59000000e+00  4.23466817e-16]
 [ 4.41313652e-16  4.96080954e-16 -5.12256904e-16  1.23234756e-17
  -6.44689857e-16  1.93804417e-15 -1.29389832e-15  7.69939668e-17
   2.15327756e-16 -2.73909784e-15  4.45921078e-17 -1.59000000e+00
   2.03709272e-16  1.56769000e+01 -2.81441537e-17  1.56769000e+01
   6.09456929e-16  1.56769000e+01  7.55062679e-16 -1.59000000e+00
   2.70733436e-15 -1.59000000e+00]
 [ 6.57252031e-18  1.14477872e-15 -1.67534320e-15 -1.19713683e-15
  -1.93804417e-15  3.68198805e-15 -1.11685661e-15  2.11899942e-15
   1.48889234e-15 -9.99006433e-16  8.16430257e-16  5.05473441e-16
   8.94000000e-01  4.10588230e-16  7.06260000e+00  6.09456929e-16
   1.56769000e+01  1.22540866e-16 -7.89700000e+00 -3.64672181e-15
  -1.20203292e-15 -1.87300175e-15]
 [ 4.41313652e-16  1.84909310e-15 -6.77236045e-17 -1.69309011e-18
   1.29389832e-15  1.11685661e-15 -4.81353846e-16 -4.22928359e-16
  -8.80240325e-17 -3.58768570e-15 -1.34542377e-16 -1.59000000e+00
   1.13981047e-16  1.56769000e+01  7.71105402e-16  1.56769000e+01
   1.22540866e-16  1.56769000e+01  1.01485487e-16 -1.59000000e+00
   2.23657204e-15 -1.59000000e+00]
 [ 4.15989465e-16 -4.18859392e-16 -2.12962981e-16  6.65550948e-16
  -7.69939668e-17 -2.11899942e-15  4.22928359e-16  7.14467374e-16
   1.06918918e-15 -2.05943596e-15  4.38243886e-16 -6.15574258e-16
  -1.59000000e+00  5.83533222e-16  4.80876450e-15  7.55062679e-16
  -7.89700000e+00  1.01485487e-16  1.56769000e+01 -2.47113441e-16
  -1.42200000e+00 -1.91041627e-15]
 [ 4.32986980e-16 -5.17841325e-16 -1.92335037e-16  8.47322212e-16
  -2.15327756e-16 -1.48889234e-15  8.80240325e-17 -1.06918918e-15
   3.21770388e-16 -1.83503768e-15 -4.81398255e-16  1.56769000e+01
   8.16569035e-17 -1.59000000e+00 -1.45486401e-15 -1.59000000e+00
  -3.64672181e-15 -1.59000000e+00 -2.47113441e-16  1.56769000e+01
  -9.30505673e-16  1.56769000e+01]
 [ 8.29891711e-17  4.31487623e-15  2.01536010e-15  1.98677741e-15
   2.73909784e-15  9.99006433e-16  3.58768570e-15  2.05943596e-15
   1.83503768e-15 -1.20712884e-15 -3.33066907e-18  1.75714998e-16
  -5.75631764e-15  1.16975873e-15 -1.59000000e+00  2.70733436e-15
  -1.20203292e-15  2.23657204e-15 -1.42200000e+00 -9.30505673e-16
   1.56769000e+01  8.29086799e-16]
 [ 1.75800485e-15 -8.16569035e-17  4.41313652e-17 -8.04661893e-16
  -4.45921078e-17 -8.16430257e-16  1.34542377e-16 -4.38243886e-16
   4.81398255e-16  3.33066907e-18  3.45062867e-16  1.56769000e+01
   1.32394096e-16 -1.59000000e+00  4.23466817e-16 -1.59000000e+00
  -1.87300175e-15 -1.59000000e+00 -1.91041627e-15  1.56769000e+01
   8.29086799e-16  1.56769000e+01]]
r:[[ 0.00000000e+00]
 [ 2.65000000e+00]
 [ 0.00000000e+00]
 [ 0.00000000e+00]
 [ 2.94209102e-16]
 [ 0.00000000e+00]
 [ 8.82627305e-16]
 [-3.00000000e-01]
 [ 0.00000000e+00]
 [ 2.37000000e+00]
 [ 0.00000000e+00]
 [ 0.00000000e+00]
 [ 4.41313652e-16]
 [ 0.00000000e+00]
 [ 0.00000000e+00]
 [-1.47104551e-16]
 [ 0.00000000e+00]
 [-5.88418203e-16]
 [-1.66533454e-17]
 [ 0.00000000e+00]
 [-5.26245714e-16]
 [ 1.66533454e-17]]
Itr:12
Q:[[ 1.56769000e+01 -5.13367127e-16 -1.59000000e+00 -8.81467122e-16
  -1.59000000e+00  5.05473441e-16 -1.59000000e+00 -6.15574258e-16
   1.56769000e+01  1.75714998e-16  1.56769000e+01 -2.41262565e-16
  -8.54499804e-16  6.60582700e-18  4.28101998e-16  3.07670556e-16
   4.41313652e-16  6.57252031e-18  4.41313652e-16  4.15989465e-16
   4.32986980e-16  8.29891711e-17  1.75800485e-15 -1.06481490e-16]
 [-5.13367127e-16  1.56769000e+01  3.60728114e-16  1.42200000e+00
   2.03709272e-16  8.94000000e-01  1.13981047e-16 -1.59000000e+00
   8.16569035e-17 -5.75631764e-15  1.32394096e-16 -7.89700000e+00
  -6.60582700e-18 -6.86312118e-16 -2.81386026e-17  1.05521147e-16
   4.96080954e-16  1.14477872e-15  1.84909310e-15 -4.18859392e-16
  -5.17841325e-16  4.31487623e-15 -8.16569035e-17 -1.50854884e-15]
 [-1.59000000e+00  3.60728114e-16  1.56769000e+01  5.17780263e-16
   1.56769000e+01  4.10588230e-16  1.56769000e+01  5.83533222e-16
  -1.59000000e+00  1.16975873e-15 -1.59000000e+00  5.41622303e-16
  -4.28101998e-16  2.81386026e-17  4.01512157e-17 -7.00417502e-16
  -5.12256904e-16 -1.67534320e-15 -6.77236045e-17 -2.12962981e-16
  -1.92335037e-16  2.01536010e-15  4.41313652e-17  3.47266660e-16]
 [-8.81467122e-16  1.42200000e+00  5.17780263e-16  1.56769000e+01
  -2.81441537e-17  7.06260000e+00  7.71105402e-16  4.80876450e-15
  -1.45486401e-15 -1.59000000e+00  4.23466817e-16 -7.39119876e-16
  -3.07670556e-16 -1.05521147e-16  7.00417502e-16  1.76308412e-15
   1.23234756e-17 -1.19713683e-15 -1.69309011e-18  6.65550948e-16
   8.47322212e-16  1.98677741e-15 -8.04661893e-16 -8.99497143e-16]
 [-1.59000000e+00  2.03709272e-16  1.56769000e+01 -2.81441537e-17
   1.56769000e+01  6.09456929e-16  1.56769000e+01  7.55062679e-16
  -1.59000000e+00  2.70733436e-15 -1.59000000e+00  4.10987910e-16
  -4.41313652e-16 -4.96080954e-16  5.12256904e-16 -1.23234756e-17
   6.44689857e-16 -1.93804417e-15  1.29389832e-15 -7.69939668e-17
  -2.15327756e-16  2.73909784e-15 -4.45921078e-17 -2.10864659e-16]
 [ 5.05473441e-16  8.94000000e-01  4.10588230e-16  7.06260000e+00
   6.09456929e-16  1.56769000e+01  1.22540866e-16 -7.89700000e+00
  -3.64672181e-15 -1.20203292e-15 -1.87300175e-15 -1.59000000e+00
  -6.57252031e-18 -1.14477872e-15  1.67534320e-15  1.19713683e-15
   1.93804417e-15 -3.68198805e-15  1.11685661e-15 -2.11899942e-15
  -1.48889234e-15  9.99006433e-16 -8.16430257e-16  1.37154732e-15]
 [-1.59000000e+00  1.13981047e-16  1.56769000e+01  7.71105402e-16
   1.56769000e+01  1.22540866e-16  1.56769000e+01  1.01485487e-16
  -1.59000000e+00  2.23657204e-15 -1.59000000e+00 -2.05668815e-16
  -4.41313652e-16 -1.84909310e-15  6.77236045e-17  1.69309011e-18
  -1.29389832e-15 -1.11685661e-15  4.81353846e-16  4.22928359e-16
   8.80240325e-17  3.58768570e-15  1.34542377e-16  6.18571860e-16]
 [-6.15574258e-16 -1.59000000e+00  5.83533222e-16  4.80876450e-15
   7.55062679e-16 -7.89700000e+00  1.01485487e-16  1.56769000e+01
  -2.47113441e-16 -1.42200000e+00 -1.91041627e-15  8.94000000e-01
  -4.15989465e-16  4.18859392e-16  2.12962981e-16 -6.65550948e-16
   7.69939668e-17  2.11899942e-15 -4.22928359e-16 -7.14467374e-16
  -1.06918918e-15  2.05943596e-15 -4.38243886e-16 -4.81409357e-16]
 [ 1.56769000e+01  8.16569035e-17 -1.59000000e+00 -1.45486401e-15
  -1.59000000e+00 -3.64672181e-15 -1.59000000e+00 -2.47113441e-16
