qubit number is:6
term number is:6
condition number is:3.0157604217529297
Pauli strings are:[['X', 'I', 'X', 'Z', 'X', 'I'], ['Y', 'Z', 'I', 'Z', 'Y', 'Y'], ['Z', 'Z', 'I', 'I', 'X', 'X'], ['I', 'X', 'X', 'Y', 'X', 'X'], ['Y', 'Y', 'X', 'Y', 'Y', 'Z'], ['Y', 'Z', 'Z', 'Y', 'I', 'I']]
Coefficients of the terms are:[0.12, 0.18, 3.6, -3.12, 3.97, -1.17]
Itr:1
Q:[[ 3.98710000e+01 -2.06790141e-16]
 [ 2.06790141e-16  3.98710000e+01]]
r:[[0.]
 [0.]]
Itr:2
Q:[[ 3.98710000e+01 -1.49624972e-01 -2.06790141e-16 -4.67625938e-17]
 [-1.49624972e-01  3.98710000e+01  4.67625938e-17 -5.81934501e-16]
 [ 2.06790141e-16  4.67625938e-17  3.98710000e+01 -1.49624972e-01]
 [-4.67625938e-17  5.81934501e-16 -1.49624972e-01  3.98710000e+01]]
r:[[0.  ]
 [3.97]
 [0.  ]
 [0.  ]]
Itr:3
Q:[[ 3.98710000e+01 -1.49624972e-01 -1.20480736e-14 -2.06790141e-16
  -4.67625938e-17  2.65927680e+01]
 [-1.49624972e-01  3.98710000e+01 -3.44724249e-17  4.67625938e-17
  -5.81934501e-16 -0.00000000e+00]
 [-1.20480736e-14 -3.44724249e-17  3.98710000e+01 -2.65927680e+01
   0.00000000e+00  2.87677659e-15]
 [ 2.06790141e-16  4.67625938e-17 -2.65927680e+01  3.98710000e+01
  -1.49624972e-01 -1.20480736e-14]
 [-4.67625938e-17  5.81934501e-16  0.00000000e+00 -1.49624972e-01
   3.98710000e+01 -3.44724249e-17]
 [ 2.65927680e+01 -0.00000000e+00 -2.87677659e-15 -1.20480736e-14
  -3.44724249e-17  3.98710000e+01]]
r:[[ 0.00000000e+00]
 [ 3.97000000e+00]
 [-6.49480469e-17]
 [ 0.00000000e+00]
 [ 0.00000000e+00]
 [ 6.49480469e-17]]
Itr:4
Q:[[ 3.98710000e+01 -1.49624972e-01 -1.20480736e-14 -1.96917482e-15
  -2.06790141e-16 -4.67625938e-17  2.65927680e+01  2.22044605e-16]
 [-1.49624972e-01  3.98710000e+01 -3.44724249e-17 -1.03899112e-14
   4.67625938e-17 -5.81934501e-16 -0.00000000e+00  2.65927680e+01]
 [-1.20480736e-14 -3.44724249e-17  3.98710000e+01  1.49624972e-01
  -2.65927680e+01  0.00000000e+00  2.87677659e-15  1.66237024e-15]
 [-1.96917482e-15 -1.03899112e-14  1.49624972e-01  3.98710000e+01
  -2.22044605e-16 -2.65927680e+01 -1.66237024e-15  2.15455986e-15]
 [ 2.06790141e-16  4.67625938e-17 -2.65927680e+01 -2.22044605e-16
   3.98710000e+01 -1.49624972e-01 -1.20480736e-14 -1.96917482e-15]
 [-4.67625938e-17  5.81934501e-16  0.00000000e+00 -2.65927680e+01
  -1.49624972e-01  3.98710000e+01 -3.44724249e-17 -1.03899112e-14]
 [ 2.65927680e+01 -0.00000000e+00 -2.87677659e-15 -1.66237024e-15
  -1.20480736e-14 -3.44724249e-17  3.98710000e+01  1.49624972e-01]
 [ 2.22044605e-16  2.65927680e+01  1.66237024e-15 -2.15455986e-15
  -1.96917482e-15 -1.03899112e-14  1.49624972e-01  3.98710000e+01]]
r:[[ 0.00000000e+00]
 [ 3.97000000e+00]
 [-6.49480469e-17]
 [-1.80000000e-01]
 [ 0.00000000e+00]
 [ 0.00000000e+00]
 [ 6.49480469e-17]
 [-3.34921511e+00]]
Iterations are:[1, 2, 3, 4]
Losses are:[1.0, 0.6046970773294585, 0.6046926162812221, 0.0013772389501438553]
