qubit number is:3
term number is:3
condition number is:3.5456037521362305
Pauli strings are:[['Y', 'Z', 'Y'], ['I', 'Y', 'Y'], ['X', 'Y', 'I']]
Coefficients of the terms are:[-1.01, 1.17, 2.76]
device is:aws-ionq-aria1
noise level is:0.015
depth:0
Q_noisy:[[ 9.22735703  0.12392871]
 [-0.12392871  9.22735703]]
r_noisy:[[-0.08533203]
 [-0.02152344]]
train loss:0.9991606682634318
alphas:[(-0.00924772210419178-0.0023325681686401367j)]
true loss:1.0013419389724731

depth:1
Q_noisy:[[ 9.05560137e+00 -2.03766797e-01  7.73079492e-01 -8.47734375e-03]
 [-2.03766797e-01  9.42693340e+00  8.47734375e-03  2.18850781e-01]
 [-7.73079492e-01  8.47734375e-03  9.05560137e+00 -2.03766797e-01]
 [-8.47734375e-03 -2.18850781e-01 -2.03766797e-01  9.42693340e+00]]
r_noisy:[[ 0.02628906]
 [ 2.57945312]
 [ 0.15605469]
 [-0.03242187]]
train loss:0.29075262625908904
alphas:[(0.009061329998075962+0.016907643526792526j), (0.27380672097206116-0.0030656675808131695j)]
true loss:0.24218839406967163

depth:2
Q_noisy:[[ 9.14563262  0.08801523 -4.94555488  0.36286777 -0.15798672  0.61320488]
 [ 0.08801523  9.7811916  -0.17896387  0.15798672 -0.36937031  0.17396543]
 [-4.94555488 -0.17896387  8.30770352 -0.61320488 -0.17396543  0.3765125 ]
 [-0.36286777  0.15798672 -0.61320488  9.14563262  0.08801523 -4.94555488]
 [-0.15798672  0.36937031 -0.17396543  0.08801523  9.7811916  -0.17896387]
 [ 0.61320488  0.17396543 -0.3765125  -4.94555488 -0.17896387  8.30770352]]
r_noisy:[[ 0.11910156]
 [ 2.40660156]
 [-0.08201172]
 [-0.06712891]
 [ 0.05546875]
 [-0.81693359]]
train loss:0.25271623774688023
alphas:[(0.022645870223641396-0.10096494108438492j), (0.2504400610923767+0.003950451500713825j), (0.001634559826925397-0.1652691811323166j)]
true loss:0.644554853439331

depth:3
Q_noisy:[[ 8.57920508 -0.01590293 -5.09614219 -0.25187617  0.22565352 -0.0484918
   0.51327852 -0.20498594]
 [-0.01590293  9.63002988  0.10142324 -5.28465801  0.0484918  -0.46259629
   0.20154902  0.1254166 ]
 [-5.09614219  0.10142324  8.92029277  0.31979727 -0.51327852 -0.20154902
  -0.15775137 -0.06920684]
 [-0.25187617 -5.28465801  0.31979727  8.25802715  0.20498594 -0.1254166
   0.06920684  0.2436002 ]
 [-0.22565352  0.0484918  -0.51327852  0.20498594  8.57920508 -0.01590293
  -5.09614219 -0.25187617]
 [-0.0484918   0.46259629 -0.20154902 -0.1254166  -0.01590293  9.63002988
   0.10142324 -5.28465801]
 [ 0.51327852  0.20154902  0.15775137  0.06920684 -5.09614219  0.10142324
   8.92029277  0.31979727]
 [-0.20498594  0.1254166  -0.06920684 -0.2436002  -0.25187617 -5.28465801
   0.31979727  8.25802715]]
r_noisy:[[ 0.15111328]
 [ 2.43042969]
 [-0.21576172]
 [-1.00017578]
 [-0.16164063]
 [-0.07744141]
 [-1.08654297]
 [ 0.18240234]]
train loss:0.07148402314148883
alphas:[(0.017012111842632294-0.15338896214962006j), (0.30104634165763855+0.00972676370292902j), (-0.029114127159118652-0.21893438696861267j), (0.0789729580283165+0.027718570083379745j)]
true loss:0.9670336246490479

device is:aws-iqm-garnet
noise level is:0.0084
depth:0
