qubit number is:9
term number is:5
condition number is:5.2406744956970215
Pauli strings are:[['I', 'X', 'I', 'Z', 'Z', 'Z', 'Y', 'X', 'Y'], ['I', 'Z', 'Z', 'I', 'Z', 'Y', 'Z', 'Y', 'Z'], ['Z', 'I', 'Z', 'I', 'Z', 'Y', 'X', 'Y', 'Y'], ['Z', 'X', 'Z', 'Z', 'Z', 'Z', 'Z', 'X', 'Y'], ['Y', 'I', 'Z', 'X', 'Y', 'Y', 'I', 'Z', 'I']]
Coefficients of the terms are:[0.03, -1.14, -0.16, -1.52, -0.69]
Itr:1
Q:[[ 4.11260000e+00  2.78999046e-16]
 [-2.78999046e-16  4.11260000e+00]]
r:[[-8.8817842e-18]
 [ 0.0000000e+00]]
Itr:2
Q:[[ 4.11260000e+00  2.66453526e-19  2.78999046e-16  2.77999845e-17]
 [ 2.66453526e-19  4.11260000e+00 -2.77999845e-17  1.59899871e-16]
 [-2.78999046e-16 -2.77999845e-17  4.11260000e+00  2.66453526e-19]
 [ 2.77999845e-17 -1.59899871e-16  2.66453526e-19  4.11260000e+00]]
r:[[-8.88178420e-18]
 [-1.52000000e+00]
 [ 0.00000000e+00]
 [-6.54095281e-03]]
Itr:3
Q:[[ 4.11260000e+00  2.66453526e-19  4.44089210e-16  2.78999046e-16
   2.77999845e-17 -2.09310490e-03]
 [ 2.66453526e-19  4.11260000e+00  2.45115039e-16 -2.77999845e-17
   1.59899871e-16 -4.91495733e-17]
 [ 4.44089210e-16  2.45115039e-16  4.11260000e+00  2.09310490e-03
   4.91495733e-17 -2.76054180e-16]
 [-2.78999046e-16 -2.77999845e-17  2.09310490e-03  4.11260000e+00
   2.66453526e-19  4.44089210e-16]
 [ 2.77999845e-17 -1.59899871e-16  4.91495733e-17  2.66453526e-19
   4.11260000e+00  2.45115039e-16]
 [-2.09310490e-03 -4.91495733e-17  2.76054180e-16  4.44089210e-16
   2.45115039e-16  4.11260000e+00]]
r:[[-8.88178420e-18]
 [-1.52000000e+00]
 [-1.66533454e-18]
 [ 0.00000000e+00]
 [-6.54095281e-03]
 [-1.66533454e-18]]
Itr:4
