qubit number is:6
term number is:5
condition number is:5.992182731628418
Pauli strings are:[['Y', 'X', 'I', 'I', 'Z', 'I'], ['X', 'Y', 'Z', 'Y', 'X', 'Y'], ['Y', 'Y', 'I', 'I', 'X', 'Y'], ['I', 'I', 'I', 'X', 'Y', 'I'], ['I', 'X', 'Y', 'X', 'Y', 'X']]
Coefficients of the terms are:[ 0.29  0.55  0.26 -0.43 -0.3 ]
Itr:1
Q:[[ 7.29100000e-01 -1.14186438e-16]
 [ 1.14186438e-16  7.29100000e-01]]
r:[[0.42086319]
 [0.        ]]
Itr:2
Q:[[ 7.29100000e-01  2.44100653e-01 -1.14186438e-16  8.30668867e-17]
 [ 2.44100653e-01  7.29100000e-01 -8.30668867e-17  2.66286992e-17]
 [ 1.14186438e-16 -8.30668867e-17  7.29100000e-01  2.44100653e-01]
 [ 8.30668867e-17 -2.66286992e-17  2.44100653e-01  7.29100000e-01]]
r:[[4.20863194e-01]
 [2.90000000e-01]
 [0.00000000e+00]
 [4.77395901e-17]]
Itr:3
Q:[[ 7.29100000e-01  2.44100653e-01 -1.11022302e-16 -1.14186438e-16
   8.30668867e-17  9.33697564e-18]
 [ 2.44100653e-01  7.29100000e-01  4.16654562e-01 -8.30668867e-17
   2.66286992e-17  1.26565425e-18]
 [-1.11022302e-16  4.16654562e-01  7.29100000e-01 -9.33697564e-18
  -1.26565425e-18 -1.33193456e-16]
 [ 1.14186438e-16 -8.30668867e-17 -9.33697564e-18  7.29100000e-01
   2.44100653e-01 -1.11022302e-16]
 [ 8.30668867e-17 -2.66286992e-17 -1.26565425e-18  2.44100653e-01
   7.29100000e-01  4.16654562e-01]
 [ 9.33697564e-18  1.26565425e-18  1.33193456e-16 -1.11022302e-16
   4.16654562e-01  7.29100000e-01]]
r:[[4.20863194e-01]
 [2.90000000e-01]
 [2.83837968e-01]
 [0.00000000e+00]
 [4.77395901e-17]
 [6.43929354e-17]]
Itr:4
Q:[[ 7.29100000e-01  2.44100653e-01 -1.11022302e-16 -3.12221765e-01
  -1.14186438e-16  8.30668867e-17  9.33697564e-18  3.43947093e-17]
 [ 2.44100653e-01  7.29100000e-01  4.16654562e-01 -4.73000000e-01
  -8.30668867e-17  2.66286992e-17  1.26565425e-18  5.49005286e-18]
 [-1.11022302e-16  4.16654562e-01  7.29100000e-01 -4.62949513e-01
  -9.33697564e-18 -1.26565425e-18 -1.33193456e-16  7.16093851e-19]
 [-3.12221765e-01 -4.73000000e-01 -4.62949513e-01  7.29100000e-01
  -3.43947093e-17 -5.49005286e-18 -7.16093851e-19 -3.49720253e-18]
 [ 1.14186438e-16 -8.30668867e-17 -9.33697564e-18 -3.43947093e-17
   7.29100000e-01  2.44100653e-01 -1.11022302e-16 -3.12221765e-01]
 [ 8.30668867e-17 -2.66286992e-17 -1.26565425e-18 -5.49005286e-18
   2.44100653e-01  7.29100000e-01  4.16654562e-01 -4.73000000e-01]
 [ 9.33697564e-18  1.26565425e-18  1.33193456e-16 -7.16093851e-19
  -1.11022302e-16  4.16654562e-01  7.29100000e-01 -4.62949513e-01]
 [ 3.43947093e-17  5.49005286e-18  7.16093851e-19  3.49720253e-18
  -3.12221765e-01 -4.73000000e-01 -4.62949513e-01  7.29100000e-01]]
r:[[4.20863194e-01]
 [2.90000000e-01]
 [2.83837968e-01]
 [2.38697950e-17]
 [0.00000000e+00]
 [4.77395901e-17]
 [6.43929354e-17]
 [0.00000000e+00]]
Itr:5
Q:[[ 7.29100000e-01  2.44100653e-01 -1.11022302e-16 -3.12221765e-01
   5.24580379e-17 -1.14186438e-16  8.30668867e-17  9.33697564e-18
   3.43947093e-17 -1.38444811e-17]
 [ 2.44100653e-01  7.29100000e-01  4.16654562e-01 -4.73000000e-01
  -8.88178420e-19 -8.30668867e-17  2.66286992e-17  1.26565425e-18
   5.49005286e-18  5.49560397e-17]
 [-1.11022302e-16  4.16654562e-01  7.29100000e-01 -4.62949513e-01
  -9.75886039e-17 -9.33697564e-18 -1.26565425e-18 -1.33193456e-16
   7.16093851e-19  5.83644244e-17]
 [-3.12221765e-01 -4.73000000e-01 -4.62949513e-01  7.29100000e-01
  -2.52517916e-01 -3.43947093e-17 -5.49005286e-18 -7.16093851e-19
  -3.49720253e-18 -7.16093851e-18]
 [ 5.24580379e-17 -8.88178420e-19 -9.75886039e-17 -2.52517916e-01
   7.29100000e-01  1.38444811e-17 -5.49560397e-17 -5.83644244e-17
   7.16093851e-18  9.97535388e-17]
 [ 1.14186438e-16 -8.30668867e-17 -9.33697564e-18 -3.43947093e-17
   1.38444811e-17  7.29100000e-01  2.44100653e-01 -1.11022302e-16
  -3.12221765e-01  5.24580379e-17]
 [ 8.30668867e-17 -2.66286992e-17 -1.26565425e-18 -5.49005286e-18
  -5.49560397e-17  2.44100653e-01  7.29100000e-01  4.16654562e-01
  -4.73000000e-01 -8.88178420e-19]
 [ 9.33697564e-18  1.26565425e-18  1.33193456e-16 -7.16093851e-19
  -5.83644244e-17 -1.11022302e-16  4.16654562e-01  7.29100000e-01
  -4.62949513e-01 -9.75886039e-17]
 [ 3.43947093e-17  5.49005286e-18  7.16093851e-19  3.49720253e-18
   7.16093851e-18 -3.12221765e-01 -4.73000000e-01 -4.62949513e-01
   7.29100000e-01 -2.52517916e-01]
 [-1.38444811e-17  5.49560397e-17  5.83644244e-17 -7.16093851e-18
  -9.97535388e-17  5.24580379e-17 -8.88178420e-19 -9.75886039e-17
  -2.52517916e-01  7.29100000e-01]]
r:[[4.20863194e-01]
 [2.90000000e-01]
 [2.83837968e-01]
 [2.38697950e-17]
 [0.00000000e+00]
 [0.00000000e+00]
 [4.77395901e-17]
 [6.43929354e-17]
 [0.00000000e+00]
 [0.00000000e+00]]
Iterations are:[1, 2, 3, 4, 5]
Losses are:[0.7570623781295611, 0.7227242562422935, 0.646144750537339, 0.182475618411306, 3.843002818282315e-05]
