qubit number is:6
term number is:6
condition number is:6.082798480987549
Pauli strings are:[['X', 'I', 'I', 'X', 'Z', 'I'], ['Z', 'Z', 'Z', 'Y', 'Y', 'X'], ['Z', 'Y', 'Z', 'I', 'I', 'Y'], ['I', 'I', 'X', 'I', 'Y', 'Z'], ['I', 'Z', 'X', 'Y', 'Y', 'X'], ['X', 'Y', 'Y', 'I', 'I', 'I']]
Coefficients of the terms are:[-0.03 -0.03  0.    0.04 -0.01  0.01]
Itr:1
Q:[[ 3.60000000e-03 -5.91107024e-20]
 [ 5.91107024e-20  3.60000000e-03]]
r:[[0.]
 [0.]]
Itr:2
Q:[[ 3.60000000e-03 -1.15945172e-05 -5.91107024e-20 -3.33066907e-20]
 [-1.15945172e-05  3.60000000e-03  3.33066907e-20  3.75567633e-20]
 [ 5.91107024e-20  3.33066907e-20  3.60000000e-03 -1.15945172e-05]
 [-3.33066907e-20 -3.75567633e-20 -1.15945172e-05  3.60000000e-03]]
r:[[0.        ]
 [0.04      ]
 [0.        ]
 [0.00302965]]
Itr:3
Q:[[ 3.60000000e-03 -1.15945172e-05 -2.40000000e-03 -5.91107024e-20
  -3.33066907e-20 -3.44364294e-19]
 [-1.15945172e-05  3.60000000e-03  3.75895607e-05  3.33066907e-20
   3.75567633e-20 -5.55111512e-20]
 [-2.40000000e-03  3.75895607e-05  3.60000000e-03  3.44364294e-19
   5.55111512e-20  1.35525272e-20]
 [ 5.91107024e-20  3.33066907e-20  3.44364294e-19  3.60000000e-03
  -1.15945172e-05 -2.40000000e-03]
 [-3.33066907e-20 -3.75567633e-20  5.55111512e-20 -1.15945172e-05
   3.60000000e-03  3.75895607e-05]
 [-3.44364294e-19 -5.55111512e-20 -1.35525272e-20 -2.40000000e-03
   3.75895607e-05  3.60000000e-03]]
r:[[ 0.00000000e+00]
 [ 4.00000000e-02]
 [ 1.93241954e-04]
 [ 0.00000000e+00]
 [ 3.02964911e-03]
 [-5.55111512e-19]]
Itr:4
Q:[[ 3.60000000e-03 -1.15945172e-05 -2.40000000e-03  3.75895607e-05
  -5.91107024e-20 -3.33066907e-20 -3.44364294e-19  1.66533454e-20]
 [-1.15945172e-05  3.60000000e-03  3.75895607e-05 -2.40000000e-03
   3.33066907e-20  3.75567633e-20 -5.55111512e-20  2.55047719e-19]
 [-2.40000000e-03  3.75895607e-05  3.60000000e-03 -1.15945172e-05
   3.44364294e-19  5.55111512e-20  1.35525272e-20 -7.77156117e-19]
 [ 3.75895607e-05 -2.40000000e-03 -1.15945172e-05  3.60000000e-03
  -1.66533454e-20 -2.55047719e-19  7.77156117e-19  7.20734236e-19]
 [ 5.91107024e-20  3.33066907e-20  3.44364294e-19 -1.66533454e-20
   3.60000000e-03 -1.15945172e-05 -2.40000000e-03  3.75895607e-05]
 [-3.33066907e-20 -3.75567633e-20  5.55111512e-20 -2.55047719e-19
  -1.15945172e-05  3.60000000e-03  3.75895607e-05 -2.40000000e-03]
 [-3.44364294e-19 -5.55111512e-20 -1.35525272e-20  7.77156117e-19
  -2.40000000e-03  3.75895607e-05  3.60000000e-03 -1.15945172e-05]
 [ 1.66533454e-20  2.55047719e-19 -7.77156117e-19 -7.20734236e-19
   3.75895607e-05 -2.40000000e-03 -1.15945172e-05  3.60000000e-03]]
r:[[ 0.00000000e+00]
 [ 4.00000000e-02]
 [ 1.93241954e-04]
 [-3.00000000e-02]
 [ 0.00000000e+00]
 [ 3.02964911e-03]
 [-5.55111512e-19]
 [ 6.66133815e-18]]
Itr:5
Q:[[ 3.60000000e-03 -1.15945172e-05 -2.40000000e-03  3.75895607e-05
   2.77555756e-20 -5.91107024e-20 -3.33066907e-20 -3.44364294e-19
   1.66533454e-20  3.33066907e-19]
 [-1.15945172e-05  3.60000000e-03  3.75895607e-05 -2.40000000e-03
   7.27115787e-04  3.33066907e-20  3.75567633e-20 -5.55111512e-20
   2.55047719e-19 -6.62924576e-19]
 [-2.40000000e-03  3.75895607e-05  3.60000000e-03 -1.15945172e-05
   9.26142753e-06  3.44364294e-19  5.55111512e-20  1.35525272e-20
  -7.77156117e-19  1.49880108e-19]
 [ 3.75895607e-05 -2.40000000e-03 -1.15945172e-05  3.60000000e-03
  -5.45336840e-04 -1.66533454e-20 -2.55047719e-19  7.77156117e-19
   7.20734236e-19  5.27355937e-19]
 [ 2.77555756e-20  7.27115787e-04  9.26142753e-06 -5.45336840e-04
   3.60000000e-03 -3.33066907e-19  6.62924576e-19 -1.49880108e-19
  -5.27355937e-19  5.82758668e-19]
 [ 5.91107024e-20  3.33066907e-20  3.44364294e-19 -1.66533454e-20
  -3.33066907e-19  3.60000000e-03 -1.15945172e-05 -2.40000000e-03
   3.75895607e-05  2.77555756e-20]
 [-3.33066907e-20 -3.75567633e-20  5.55111512e-20 -2.55047719e-19
   6.62924576e-19 -1.15945172e-05  3.60000000e-03  3.75895607e-05
  -2.40000000e-03  7.27115787e-04]
 [-3.44364294e-19 -5.55111512e-20 -1.35525272e-20  7.77156117e-19
  -1.49880108e-19 -2.40000000e-03  3.75895607e-05  3.60000000e-03
  -1.15945172e-05  9.26142753e-06]
 [ 1.66533454e-20  2.55047719e-19 -7.77156117e-19 -7.20734236e-19
  -5.27355937e-19  3.75895607e-05 -2.40000000e-03 -1.15945172e-05
   3.60000000e-03 -5.45336840e-04]
 [ 3.33066907e-19 -6.62924576e-19  1.49880108e-19  5.27355937e-19
  -5.82758668e-19  2.77555756e-20  7.27115787e-04  9.26142753e-06
  -5.45336840e-04  3.60000000e-03]]
r:[[ 0.00000000e+00]
 [ 4.00000000e-02]
 [ 1.93241954e-04]
 [-3.00000000e-02]
 [ 9.08894734e-03]
 [ 0.00000000e+00]
 [ 3.02964911e-03]
 [-5.55111512e-19]
 [ 6.66133815e-18]
 [ 6.66133815e-18]]
Itr:6
Q:[[ 3.60000000e-03 -1.15945172e-05 -2.40000000e-03  3.75895607e-05
   2.77555756e-20  8.51207126e-19 -5.91107024e-20 -3.33066907e-20
  -3.44364294e-19  1.66533454e-20  3.33066907e-19 -1.98915023e-03]
 [-1.15945172e-05  3.60000000e-03  3.75895607e-05 -2.40000000e-03
   7.27115787e-04  2.44249065e-19  3.33066907e-20  3.75567633e-20
  -5.55111512e-20  2.55047719e-19 -6.62924576e-19  1.22124533e-19]
 [-2.40000000e-03  3.75895607e-05  3.60000000e-03 -1.15945172e-05
   9.26142753e-06  2.10942375e-19  3.44364294e-19  5.55111512e-20
   1.35525272e-20 -7.77156117e-19  1.49880108e-19  1.49186268e-03]
 [ 3.75895607e-05 -2.40000000e-03 -1.15945172e-05  3.60000000e-03
  -5.45336840e-04  2.19643734e-04 -1.66533454e-20 -2.55047719e-19
   7.77156117e-19  7.20734236e-19  5.27355937e-19  1.44328993e-19]
 [ 2.77555756e-20  7.27115787e-04  9.26142753e-06 -5.45336840e-04
   3.60000000e-03 -6.63906131e-05 -3.33066907e-19  6.62924576e-19
  -1.49880108e-19 -5.27355937e-19  5.82758668e-19  3.33066907e-19]
 [ 8.51207126e-19  2.44249065e-19  2.10942375e-19  2.19643734e-04
  -6.63906131e-05  3.60000000e-03  1.98915023e-03 -1.22124533e-19
  -1.49186268e-03 -1.44328993e-19 -3.33066907e-19  1.07375046e-18]
 [ 5.91107024e-20  3.33066907e-20  3.44364294e-19 -1.66533454e-20
  -3.33066907e-19  1.98915023e-03  3.60000000e-03 -1.15945172e-05
  -2.40000000e-03  3.75895607e-05  2.77555756e-20  8.51207126e-19]
 [-3.33066907e-20 -3.75567633e-20  5.55111512e-20 -2.55047719e-19
   6.62924576e-19 -1.22124533e-19 -1.15945172e-05  3.60000000e-03
   3.75895607e-05 -2.40000000e-03  7.27115787e-04  2.44249065e-19]
 [-3.44364294e-19 -5.55111512e-20 -1.35525272e-20  7.77156117e-19
  -1.49880108e-19 -1.49186268e-03 -2.40000000e-03  3.75895607e-05
   3.60000000e-03 -1.15945172e-05  9.26142753e-06  2.10942375e-19]
 [ 1.66533454e-20  2.55047719e-19 -7.77156117e-19 -7.20734236e-19
  -5.27355937e-19 -1.44328993e-19  3.75895607e-05 -2.40000000e-03
  -1.15945172e-05  3.60000000e-03 -5.45336840e-04  2.19643734e-04]
 [ 3.33066907e-19 -6.62924576e-19  1.49880108e-19  5.27355937e-19
  -5.82758668e-19 -3.33066907e-19  2.77555756e-20  7.27115787e-04
   9.26142753e-06 -5.45336840e-04  3.60000000e-03 -6.63906131e-05]
 [-1.98915023e-03  1.22124533e-19  1.49186268e-03  1.44328993e-19
   3.33066907e-19 -1.07375046e-18  8.51207126e-19  2.44249065e-19
   2.10942375e-19  2.19643734e-04 -6.63906131e-05  3.60000000e-03]]
r:[[ 0.00000000e+00]
 [ 4.00000000e-02]
 [ 1.93241954e-04]
 [-3.00000000e-02]
 [ 9.08894734e-03]
 [ 3.33066907e-18]
 [ 0.00000000e+00]
 [ 3.02964911e-03]
 [-5.55111512e-19]
 [ 6.66133815e-18]
 [ 6.66133815e-18]
 [ 0.00000000e+00]]
Itr:7
Q:[[ 3.60000000e-03 -1.15945172e-05 -2.40000000e-03  3.75895607e-05
   2.77555756e-20  8.51207126e-19  9.43689571e-20 -5.91107024e-20
  -3.33066907e-20 -3.44364294e-19  1.66533454e-20  3.33066907e-19
  -1.98915023e-03 -1.66533454e-20]
 [-1.15945172e-05  3.60000000e-03  3.75895607e-05 -2.40000000e-03
   7.27115787e-04  2.44249065e-19 -1.57079211e-19  3.33066907e-20
   3.75567633e-20 -5.55111512e-20  2.55047719e-19 -6.62924576e-19
   1.22124533e-19 -1.98915023e-03]
 [-2.40000000e-03  3.75895607e-05  3.60000000e-03 -1.15945172e-05
   9.26142753e-06  2.10942375e-19  2.19643734e-04  3.44364294e-19
   5.55111512e-20  1.35525272e-20 -7.77156117e-19  1.49880108e-19
   1.49186268e-03 -1.11022302e-19]
 [ 3.75895607e-05 -2.40000000e-03 -1.15945172e-05  3.60000000e-03
  -5.45336840e-04  2.19643734e-04  4.38538095e-19 -1.66533454e-20
  -2.55047719e-19  7.77156117e-19  7.20734236e-19  5.27355937e-19
   1.44328993e-19  1.49186268e-03]
 [ 2.77555756e-20  7.27115787e-04  9.26142753e-06 -5.45336840e-04
   3.60000000e-03 -6.63906131e-05  3.47465112e-19 -3.33066907e-19
   6.62924576e-19 -1.49880108e-19 -5.27355937e-19  5.82758668e-19
   3.33066907e-19 -1.09067368e-03]
 [ 8.51207126e-19  2.44249065e-19  2.10942375e-19  2.19643734e-04
  -6.63906131e-05  3.60000000e-03  1.15945172e-05  1.98915023e-03
  -1.22124533e-19 -1.49186268e-03 -1.44328993e-19 -3.33066907e-19
   1.07375046e-18  2.55351296e-19]
 [ 9.43689571e-20 -1.57079211e-19  2.19643734e-04  4.38538095e-19
   3.47465112e-19  1.15945172e-05  3.60000000e-03  1.66533454e-20
   1.98915023e-03  1.11022302e-19 -1.49186268e-03  1.09067368e-03
  -2.55351296e-19  1.12485975e-18]
 [ 5.91107024e-20  3.33066907e-20  3.44364294e-19 -1.66533454e-20
  -3.33066907e-19  1.98915023e-03  1.66533454e-20  3.60000000e-03
  -1.15945172e-05 -2.40000000e-03  3.75895607e-05  2.77555756e-20
   8.51207126e-19  9.43689571e-20]
 [-3.33066907e-20 -3.75567633e-20  5.55111512e-20 -2.55047719e-19
   6.62924576e-19 -1.22124533e-19  1.98915023e-03 -1.15945172e-05
   3.60000000e-03  3.75895607e-05 -2.40000000e-03  7.27115787e-04
   2.44249065e-19 -1.57079211e-19]
 [-3.44364294e-19 -5.55111512e-20 -1.35525272e-20  7.77156117e-19
  -1.49880108e-19 -1.49186268e-03  1.11022302e-19 -2.40000000e-03
   3.75895607e-05  3.60000000e-03 -1.15945172e-05  9.26142753e-06
   2.10942375e-19  2.19643734e-04]
 [ 1.66533454e-20  2.55047719e-19 -7.77156117e-19 -7.20734236e-19
  -5.27355937e-19 -1.44328993e-19 -1.49186268e-03  3.75895607e-05
  -2.40000000e-03 -1.15945172e-05  3.60000000e-03 -5.45336840e-04
   2.19643734e-04  4.38538095e-19]
 [ 3.33066907e-19 -6.62924576e-19  1.49880108e-19  5.27355937e-19
  -5.82758668e-19 -3.33066907e-19  1.09067368e-03  2.77555756e-20
   7.27115787e-04  9.26142753e-06 -5.45336840e-04  3.60000000e-03
  -6.63906131e-05  3.47465112e-19]
 [-1.98915023e-03  1.22124533e-19  1.49186268e-03  1.44328993e-19
   3.33066907e-19 -1.07375046e-18 -2.55351296e-19  8.51207126e-19
   2.44249065e-19  2.10942375e-19  2.19643734e-04 -6.63906131e-05
   3.60000000e-03  1.15945172e-05]
 [-1.66533454e-20 -1.98915023e-03 -1.11022302e-19  1.49186268e-03
  -1.09067368e-03  2.55351296e-19 -1.12485975e-18  9.43689571e-20
  -1.57079211e-19  2.19643734e-04  4.38538095e-19  3.47465112e-19
   1.15945172e-05  3.60000000e-03]]
r:[[ 0.00000000e+00]
 [ 4.00000000e-02]
 [ 1.93241954e-04]
 [-3.00000000e-02]
 [ 9.08894734e-03]
 [ 3.33066907e-18]
 [ 3.33066907e-18]
 [ 0.00000000e+00]
 [ 3.02964911e-03]
 [-5.55111512e-19]
 [ 6.66133815e-18]
 [ 6.66133815e-18]
 [ 0.00000000e+00]
 [ 2.48643779e-02]]
Iterations are:[1, 2, 3, 4, 5, 6, 7]
Losses are:[1.0, 0.5530040572392383, 0.5530005629015475, 0.5455802569157977, 0.54512141634587, 0.545341275630149, 5.104554958124119e-05]
