qubit number is:6
term number is:5
condition number is:3.483639717102051
Pauli strings are:[['X', 'X', 'I', 'X', 'Y', 'X'], ['I', 'X', 'Z', 'I', 'Z', 'X'], ['Z', 'Z', 'X', 'Y', 'Y', 'Z'], ['X', 'X', 'I', 'I', 'Z', 'I'], ['I', 'I', 'I', 'Z', 'Z', 'I']]
Coefficients of the terms are:[ 0.94  0.02  1.11  0.72 -0.09]
Itr:1
Q:[[ 2.60720477e+00  5.21810373e-16]
 [-5.21810373e-16  2.60720477e+00]]
r:[[ 1.92591830e-01]
 [-2.46469511e-16]]
qubit number is:6
term number is:5
condition number is:3.483639717102051
Pauli strings are:[['X', 'X', 'I', 'X', 'Y', 'X'], ['I', 'X', 'Z', 'I', 'Z', 'X'], ['Z', 'Z', 'X', 'Y', 'Y', 'Z'], ['X', 'X', 'I', 'I', 'Z', 'I'], ['I', 'I', 'I', 'Z', 'Z', 'I']]
Coefficients of the terms are:[ 0.94  0.02  1.11  0.72 -0.09]
Itr:1
Q:[[ 2.60720477e+00  5.21810373e-16]
 [-5.21810373e-16  2.60720477e+00]]
r:[[ 1.92591830e-01]
 [-2.46469511e-16]]
Itr:2
Q:[[ 2.60720477e+00  3.09789702e-01  5.21810373e-16 -3.87301302e-16]
 [ 3.09789702e-01  2.60720477e+00  3.87301302e-16  4.30239178e-16]
 [-5.21810373e-16  3.87301302e-16  2.60720477e+00  3.09789702e-01]
 [-3.87301302e-16 -4.30239178e-16  3.09789702e-01  2.60720477e+00]]
r:[[ 1.92591830e-01]
 [ 1.09405620e+00]
 [-2.46469511e-16]
 [-2.76445533e-16]]
Itr:3
Q:[[ 2.60720477e+00  3.09789702e-01 -2.04697370e-16  5.21810373e-16
  -3.87301302e-16 -6.86634529e-01]
 [ 3.09789702e-01  2.60720477e+00 -1.53806676e-01  3.87301302e-16
   4.30239178e-16 -1.59466884e-16]
 [-2.04697370e-16 -1.53806676e-01  2.60720477e+00  6.86634529e-01
   1.59466884e-16 -8.58701998e-17]
 [-5.21810373e-16  3.87301302e-16  6.86634529e-01  2.60720477e+00
   3.09789702e-01 -2.04697370e-16]
 [-3.87301302e-16 -4.30239178e-16  1.59466884e-16  3.09789702e-01
   2.60720477e+00 -1.53806676e-01]
 [-6.86634529e-01 -1.59466884e-16  8.58701998e-17 -2.04697370e-16
  -1.53806676e-01  2.60720477e+00]]
r:[[ 1.92591830e-01]
 [ 1.09405620e+00]
 [ 1.10341047e-01]
 [-2.46469511e-16]
 [-2.76445533e-16]
 [ 3.83026943e-17]]
Itr:4
Q:[[ 2.60720477e+00  3.09789702e-01 -2.04697370e-16 -1.53806676e-01
   5.21810373e-16 -3.87301302e-16 -6.86634529e-01 -1.49696922e-16]
 [ 3.09789702e-01  2.60720477e+00 -1.53806676e-01  4.30211422e-16
   3.87301302e-16  4.30239178e-16 -1.59466884e-16 -6.86634529e-01]
 [-2.04697370e-16 -1.53806676e-01  2.60720477e+00 -3.09789702e-01
   6.86634529e-01  1.59466884e-16 -8.58701998e-17  8.89399665e-17]
 [-1.53806676e-01  4.30211422e-16 -3.09789702e-01  2.60720477e+00
   1.49696922e-16  6.86634529e-01 -8.89399665e-17  2.52692312e-16]
 [-5.21810373e-16  3.87301302e-16  6.86634529e-01  1.49696922e-16
   2.60720477e+00  3.09789702e-01 -2.04697370e-16 -1.53806676e-01]
 [-3.87301302e-16 -4.30239178e-16  1.59466884e-16  6.86634529e-01
   3.09789702e-01  2.60720477e+00 -1.53806676e-01  4.30211422e-16]
 [-6.86634529e-01 -1.59466884e-16  8.58701998e-17 -8.89399665e-17
  -2.04697370e-16 -1.53806676e-01  2.60720477e+00 -3.09789702e-01]
 [-1.49696922e-16 -6.86634529e-01  8.89399665e-17 -2.52692312e-16
  -1.53806676e-01  4.30211422e-16 -3.09789702e-01  2.60720477e+00]]
r:[[ 1.92591830e-01]
 [ 1.09405620e+00]
 [ 1.10341047e-01]
 [-7.20000000e-01]
 [-2.46469511e-16]
 [-2.76445533e-16]
 [ 3.83026943e-17]
 [ 3.09294833e-01]]
Itr:5
Q:[[ 2.60720477e+00  3.09789702e-01 -2.04697370e-16 -1.53806676e-01
  -7.65355002e-02  5.21810373e-16 -3.87301302e-16 -6.86634529e-01
  -1.49696922e-16 -1.24389388e-16]
 [ 3.09789702e-01  2.60720477e+00 -1.53806676e-01  4.30211422e-16
   1.05728204e-15  3.87301302e-16  4.30239178e-16 -1.59466884e-16
  -6.86634529e-01 -5.52568603e-01]
 [-2.04697370e-16 -1.53806676e-01  2.60720477e+00 -3.09789702e-01
  -1.34635826e-01  6.86634529e-01  1.59466884e-16 -8.58701998e-17
   8.89399665e-17  2.28739250e-16]
 [-1.53806676e-01  4.30211422e-16 -3.09789702e-01  2.60720477e+00
   1.81253669e+00  1.49696922e-16  6.86634529e-01 -8.89399665e-17
   2.52692312e-16  5.30542277e-16]
 [-7.65355002e-02  1.05728204e-15 -1.34635826e-01  1.81253669e+00
   2.60720477e+00  1.24389388e-16  5.52568603e-01 -2.28739250e-16
  -5.30542277e-16  3.93152177e-16]
 [-5.21810373e-16  3.87301302e-16  6.86634529e-01  1.49696922e-16
   1.24389388e-16  2.60720477e+00  3.09789702e-01 -2.04697370e-16
  -1.53806676e-01 -7.65355002e-02]
 [-3.87301302e-16 -4.30239178e-16  1.59466884e-16  6.86634529e-01
   5.52568603e-01  3.09789702e-01  2.60720477e+00 -1.53806676e-01
   4.30211422e-16  1.05728204e-15]
 [-6.86634529e-01 -1.59466884e-16  8.58701998e-17 -8.89399665e-17
  -2.28739250e-16 -2.04697370e-16 -1.53806676e-01  2.60720477e+00
  -3.09789702e-01 -1.34635826e-01]
 [-1.49696922e-16 -6.86634529e-01  8.89399665e-17 -2.52692312e-16
  -5.30542277e-16 -1.53806676e-01  4.30211422e-16 -3.09789702e-01
   2.60720477e+00  1.81253669e+00]
 [-1.24389388e-16 -5.52568603e-01  2.28739250e-16  5.30542277e-16
  -3.93152177e-16 -7.65355002e-02  1.05728204e-15 -1.34635826e-01
   1.81253669e+00  2.60720477e+00]]
r:[[ 1.92591830e-01]
 [ 1.09405620e+00]
 [ 1.10341047e-01]
 [-7.20000000e-01]
 [-5.06391378e-01]
 [-2.46469511e-16]
 [-2.76445533e-16]
 [ 3.83026943e-17]
 [ 3.09294833e-01]
 [ 2.48904776e-01]]
Itr:6
Q:[[ 2.60720477e+00  3.09789702e-01 -2.04697370e-16 -1.53806676e-01
  -7.65355002e-02 -1.53806676e-01  5.21810373e-16 -3.87301302e-16
  -6.86634529e-01 -1.49696922e-16 -1.24389388e-16 -1.05279119e-15]
 [ 3.09789702e-01  2.60720477e+00 -1.53806676e-01  4.30211422e-16
   1.05728204e-15  4.30211422e-16  3.87301302e-16  4.30239178e-16
  -1.59466884e-16 -6.86634529e-01 -5.52568603e-01 -6.86634529e-01]
 [-2.04697370e-16 -1.53806676e-01  2.60720477e+00 -3.09789702e-01
  -1.34635826e-01 -3.09789702e-01  6.86634529e-01  1.59466884e-16
  -8.58701998e-17  8.89399665e-17  2.28739250e-16 -1.02260977e-15]
 [-1.53806676e-01  4.30211422e-16 -3.09789702e-01  2.60720477e+00
   1.81253669e+00  2.60720477e+00  1.49696922e-16  6.86634529e-01
  -8.89399665e-17  2.52692312e-16  5.30542277e-16 -4.87793139e-16]
 [-7.65355002e-02  1.05728204e-15 -1.34635826e-01  1.81253669e+00
   2.60720477e+00  1.81253669e+00  1.24389388e-16  5.52568603e-01
  -2.28739250e-16 -5.30542277e-16  3.93152177e-16 -8.13438206e-16]
 [-1.53806676e-01  4.30211422e-16 -3.09789702e-01  2.60720477e+00
   1.81253669e+00  2.60720477e+00  1.05279119e-15  6.86634529e-01
   1.02260977e-15  4.87793139e-16  8.13438206e-16 -4.98884267e-16]
 [-5.21810373e-16  3.87301302e-16  6.86634529e-01  1.49696922e-16
   1.24389388e-16  1.05279119e-15  2.60720477e+00  3.09789702e-01
  -2.04697370e-16 -1.53806676e-01 -7.65355002e-02 -1.53806676e-01]
 [-3.87301302e-16 -4.30239178e-16  1.59466884e-16  6.86634529e-01
   5.52568603e-01  6.86634529e-01  3.09789702e-01  2.60720477e+00
  -1.53806676e-01  4.30211422e-16  1.05728204e-15  4.30211422e-16]
 [-6.86634529e-01 -1.59466884e-16  8.58701998e-17 -8.89399665e-17
  -2.28739250e-16  1.02260977e-15 -2.04697370e-16 -1.53806676e-01
   2.60720477e+00 -3.09789702e-01 -1.34635826e-01 -3.09789702e-01]
 [-1.49696922e-16 -6.86634529e-01  8.89399665e-17 -2.52692312e-16
  -5.30542277e-16  4.87793139e-16 -1.53806676e-01  4.30211422e-16
  -3.09789702e-01  2.60720477e+00  1.81253669e+00  2.60720477e+00]
 [-1.24389388e-16 -5.52568603e-01  2.28739250e-16  5.30542277e-16
  -3.93152177e-16  8.13438206e-16 -7.65355002e-02  1.05728204e-15
  -1.34635826e-01  1.81253669e+00  2.60720477e+00  1.81253669e+00]
 [-1.05279119e-15 -6.86634529e-01 -1.02260977e-15 -4.87793139e-16
  -8.13438206e-16  4.98884267e-16 -1.53806676e-01  4.30211422e-16
  -3.09789702e-01  2.60720477e+00  1.81253669e+00  2.60720477e+00]]
r:[[ 1.92591830e-01]
 [ 1.09405620e+00]
 [ 1.10341047e-01]
 [-7.20000000e-01]
 [-5.06391378e-01]
 [-7.20000000e-01]
 [-2.46469511e-16]
 [-2.76445533e-16]
 [ 3.83026943e-17]
 [ 3.09294833e-01]
 [ 2.48904776e-01]
 [ 3.09294833e-01]]
qubit number is:6
term number is:5
condition number is:3.483639717102051
Pauli strings are:[['X', 'X', 'I', 'X', 'Y', 'X'], ['I', 'X', 'Z', 'I', 'Z', 'X'], ['Z', 'Z', 'X', 'Y', 'Y', 'Z'], ['X', 'X', 'I', 'I', 'Z', 'I'], ['I', 'I', 'I', 'Z', 'Z', 'I']]
Coefficients of the terms are:[ 0.94  0.02  1.11  0.72 -0.09]
Itr:1
Q:[[ 2.64260000e+00  3.04489767e-16]
 [-3.04489767e-16  2.64260000e+00]]
r:[[ 9.00000000e-02]
 [-4.49640325e-17]]
Itr:2
Q:[[ 2.64260000e+00  1.99800000e-01  3.04489767e-16  1.66366920e-16]
 [ 1.99800000e-01  2.64260000e+00 -1.66366920e-16  3.88472587e-16]
 [-3.04489767e-16 -1.66366920e-16  2.64260000e+00  1.99800000e-01]
 [ 1.66366920e-16 -3.88472587e-16  1.99800000e-01  2.64260000e+00]]
r:[[ 9.00000000e-02]
 [ 1.11000000e+00]
 [-4.49640325e-17]
 [-3.18078897e-16]]
Itr:3
Q:[[ 2.64260000e+00  1.99800000e-01  2.08680000e+00  3.04489767e-16
   1.66366920e-16 -5.79203352e-17]
 [ 1.99800000e-01  2.64260000e+00  1.69200000e-01 -1.66366920e-16
   3.88472587e-16 -6.94000413e-17]
 [ 2.08680000e+00  1.69200000e-01  2.64260000e+00  5.79203352e-17
   6.94000413e-17 -7.06379399e-17]
 [-3.04489767e-16 -1.66366920e-16  5.79203352e-17  2.64260000e+00
   1.99800000e-01  2.08680000e+00]
 [ 1.66366920e-16 -3.88472587e-16  6.94000413e-17  1.99800000e-01
   2.64260000e+00  1.69200000e-01]
 [-5.79203352e-17 -6.94000413e-17  7.06379399e-17  2.08680000e+00
   1.69200000e-01  2.64260000e+00]]
r:[[ 9.00000000e-02]
 [ 1.11000000e+00]
 [ 0.00000000e+00]
 [-4.49640325e-17]
 [-3.18078897e-16]
 [ 0.00000000e+00]]
Itr:4
qubit number is:6
term number is:5
condition number is:3.483639717102051
Pauli strings are:[['X', 'X', 'I', 'X', 'Y', 'X'], ['I', 'X', 'Z', 'I', 'Z', 'X'], ['Z', 'Z', 'X', 'Y', 'Y', 'Z'], ['X', 'X', 'I', 'I', 'Z', 'I'], ['I', 'I', 'I', 'Z', 'Z', 'I']]
Coefficients of the terms are:[ 0.94  0.02  1.11  0.72 -0.09]
Itr:1
Q:[[ 2.64260000e+00  3.04489767e-16]
 [-3.04489767e-16  2.64260000e+00]]
r:[[ 9.00000000e-02]
 [-4.49640325e-17]]
Itr:2
Q:[[ 2.64260000e+00  1.99800000e-01  3.04489767e-16  1.66366920e-16]
 [ 1.99800000e-01  2.64260000e+00 -1.66366920e-16  3.88472587e-16]
 [-3.04489767e-16 -1.66366920e-16  2.64260000e+00  1.99800000e-01]
 [ 1.66366920e-16 -3.88472587e-16  1.99800000e-01  2.64260000e+00]]
r:[[ 9.00000000e-02]
 [ 1.11000000e+00]
 [-4.49640325e-17]
 [-3.18078897e-16]]
Itr:3
Q:[[ 2.64260000e+00  1.99800000e-01  2.08680000e+00  3.04489767e-16
   1.66366920e-16 -5.79203352e-17]
 [ 1.99800000e-01  2.64260000e+00  1.69200000e-01 -1.66366920e-16
   3.88472587e-16 -6.94000413e-17]
 [ 2.08680000e+00  1.69200000e-01  2.64260000e+00  5.79203352e-17
   6.94000413e-17 -7.06379399e-17]
 [-3.04489767e-16 -1.66366920e-16  5.79203352e-17  2.64260000e+00
   1.99800000e-01  2.08680000e+00]
 [ 1.66366920e-16 -3.88472587e-16  6.94000413e-17  1.99800000e-01
   2.64260000e+00  1.69200000e-01]
 [-5.79203352e-17 -6.94000413e-17  7.06379399e-17  2.08680000e+00
   1.69200000e-01  2.64260000e+00]]
r:[[ 9.00000000e-02]
 [ 1.11000000e+00]
 [ 0.00000000e+00]
 [-4.49640325e-17]
 [-3.18078897e-16]
 [ 0.00000000e+00]]
Itr:4
Q:[[ 2.64260000e+00  1.99800000e-01  2.08680000e+00  1.69200000e-01
   3.04489767e-16  1.66366920e-16 -5.79203352e-17  5.56221735e-18]
 [ 1.99800000e-01  2.64260000e+00  1.69200000e-01  2.08680000e+00
  -1.66366920e-16  3.88472587e-16 -6.94000413e-17  1.06969988e-16]
 [ 2.08680000e+00  1.69200000e-01  2.64260000e+00  1.99800000e-01
   5.79203352e-17  6.94000413e-17 -7.06379399e-17  4.65794070e-17]
 [ 1.69200000e-01  2.08680000e+00  1.99800000e-01  2.64260000e+00
  -5.56221735e-18 -1.06969988e-16 -4.65794070e-17 -3.16879856e-16]
 [-3.04489767e-16 -1.66366920e-16  5.79203352e-17 -5.56221735e-18
   2.64260000e+00  1.99800000e-01  2.08680000e+00  1.69200000e-01]
 [ 1.66366920e-16 -3.88472587e-16  6.94000413e-17 -1.06969988e-16
   1.99800000e-01  2.64260000e+00  1.69200000e-01  2.08680000e+00]
 [-5.79203352e-17 -6.94000413e-17  7.06379399e-17 -4.65794070e-17
   2.08680000e+00  1.69200000e-01  2.64260000e+00  1.99800000e-01]
 [ 5.56221735e-18  1.06969988e-16  4.65794070e-17  3.16879856e-16
   1.69200000e-01  2.08680000e+00  1.99800000e-01  2.64260000e+00]]
r:[[ 9.00000000e-02]
 [ 1.11000000e+00]
 [ 0.00000000e+00]
 [ 9.40000000e-01]
 [-4.49640325e-17]
 [-3.18078897e-16]
 [ 0.00000000e+00]
 [ 3.13082893e-16]]
Itr:5
Q:[[ 2.64260000e+00  1.99800000e-01  2.08680000e+00  1.69200000e-01
  -1.21813670e-16  3.04489767e-16  1.66366920e-16 -5.79203352e-17
   5.56221735e-18 -3.11195514e-17]
 [ 1.99800000e-01  2.64260000e+00  1.69200000e-01  2.08680000e+00
   2.34601227e-16 -1.66366920e-16  3.88472587e-16 -6.94000413e-17
   1.06969988e-16 -2.87536661e-16]
 [ 2.08680000e+00  1.69200000e-01  2.64260000e+00  1.99800000e-01
   3.17479376e-16  5.79203352e-17  6.94000413e-17 -7.06379399e-17
   4.65794070e-17 -2.27495800e-16]
 [ 1.69200000e-01  2.08680000e+00  1.99800000e-01  2.64260000e+00
  -1.29600000e-01 -5.56221735e-18 -1.06969988e-16 -4.65794070e-17
  -3.16879856e-16 -3.92574862e-16]
 [-1.21813670e-16  2.34601227e-16  3.17479376e-16 -1.29600000e-01
   2.64260000e+00  3.11195514e-17  2.87536661e-16  2.27495800e-16
   3.92574862e-16 -9.68114477e-18]
 [-3.04489767e-16 -1.66366920e-16  5.79203352e-17 -5.56221735e-18
   3.11195514e-17  2.64260000e+00  1.99800000e-01  2.08680000e+00
   1.69200000e-01 -1.21813670e-16]
 [ 1.66366920e-16 -3.88472587e-16  6.94000413e-17 -1.06969988e-16
   2.87536661e-16  1.99800000e-01  2.64260000e+00  1.69200000e-01
   2.08680000e+00  2.34601227e-16]
 [-5.79203352e-17 -6.94000413e-17  7.06379399e-17 -4.65794070e-17
   2.27495800e-16  2.08680000e+00  1.69200000e-01  2.64260000e+00
   1.99800000e-01  3.17479376e-16]
 [ 5.56221735e-18  1.06969988e-16  4.65794070e-17  3.16879856e-16
   3.92574862e-16  1.69200000e-01  2.08680000e+00  1.99800000e-01
   2.64260000e+00 -1.29600000e-01]
 [-3.11195514e-17 -2.87536661e-16 -2.27495800e-16 -3.92574862e-16
   9.68114477e-18 -1.21813670e-16  2.34601227e-16  3.17479376e-16
  -1.29600000e-01  2.64260000e+00]]
r:[[ 9.00000000e-02]
 [ 1.11000000e+00]
 [ 0.00000000e+00]
 [ 9.40000000e-01]
 [-5.21804822e-17]
 [-4.49640325e-17]
 [-3.18078897e-16]
 [ 0.00000000e+00]
 [ 3.13082893e-16]
 [ 5.21804822e-17]]
Itr:6
Q:[[ 2.64260000e+00  1.99800000e-01  2.08680000e+00  1.69200000e-01
  -1.21813670e-16 -1.29600000e-01  3.04489767e-16  1.66366920e-16
  -5.79203352e-17  5.56221735e-18 -3.11195514e-17  2.01838546e-16]
 [ 1.99800000e-01  2.64260000e+00  1.69200000e-01  2.08680000e+00
   2.34601227e-16  1.40581990e-15 -1.66366920e-16  3.88472587e-16
  -6.94000413e-17  1.06969988e-16 -2.87536661e-16 -3.81861209e-17]
 [ 2.08680000e+00  1.69200000e-01  2.64260000e+00  1.99800000e-01
   3.17479376e-16  2.23221441e-16  5.79203352e-17  6.94000413e-17
  -7.06379399e-17  4.65794070e-17 -2.27495800e-16  1.15840670e-16]
 [ 1.69200000e-01  2.08680000e+00  1.99800000e-01  2.64260000e+00
  -1.29600000e-01  1.17417187e-15 -5.56221735e-18 -1.06969988e-16
  -4.65794070e-17 -3.16879856e-16 -3.92574862e-16  2.36255460e-17]
 [-1.21813670e-16  2.34601227e-16  3.17479376e-16 -1.29600000e-01
   2.64260000e+00 -1.69200000e-01  3.11195514e-17  2.87536661e-16
   2.27495800e-16  3.92574862e-16 -9.68114477e-18  5.28022071e-17]
 [-1.29600000e-01  1.40581990e-15  2.23221441e-16  1.17417187e-15
  -1.69200000e-01  2.64260000e+00 -2.01838546e-16  3.81861209e-17
  -1.15840670e-16 -2.36255460e-17 -5.28022071e-17 -1.84730009e-16]
 [-3.04489767e-16 -1.66366920e-16  5.79203352e-17 -5.56221735e-18
   3.11195514e-17 -2.01838546e-16  2.64260000e+00  1.99800000e-01
   2.08680000e+00  1.69200000e-01 -1.21813670e-16 -1.29600000e-01]
 [ 1.66366920e-16 -3.88472587e-16  6.94000413e-17 -1.06969988e-16
   2.87536661e-16  3.81861209e-17  1.99800000e-01  2.64260000e+00
   1.69200000e-01  2.08680000e+00  2.34601227e-16  1.40581990e-15]
 [-5.79203352e-17 -6.94000413e-17  7.06379399e-17 -4.65794070e-17
   2.27495800e-16 -1.15840670e-16  2.08680000e+00  1.69200000e-01
   2.64260000e+00  1.99800000e-01  3.17479376e-16  2.23221441e-16]
 [ 5.56221735e-18  1.06969988e-16  4.65794070e-17  3.16879856e-16
   3.92574862e-16 -2.36255460e-17  1.69200000e-01  2.08680000e+00
   1.99800000e-01  2.64260000e+00 -1.29600000e-01  1.17417187e-15]
 [-3.11195514e-17 -2.87536661e-16 -2.27495800e-16 -3.92574862e-16
   9.68114477e-18 -5.28022071e-17 -1.21813670e-16  2.34601227e-16
   3.17479376e-16 -1.29600000e-01  2.64260000e+00 -1.69200000e-01]
 [ 2.01838546e-16 -3.81861209e-17  1.15840670e-16  2.36255460e-17
   5.28022071e-17  1.84730009e-16 -1.29600000e-01  1.40581990e-15
   2.23221441e-16  1.17417187e-15 -1.69200000e-01  2.64260000e+00]]
r:[[ 9.00000000e-02]
 [ 1.11000000e+00]
 [ 0.00000000e+00]
 [ 9.40000000e-01]
 [-5.21804822e-17]
 [-7.20000000e-01]
 [-4.49640325e-17]
 [-3.18078897e-16]
 [ 0.00000000e+00]
 [ 3.13082893e-16]
 [ 5.21804822e-17]
 [-1.31006317e-16]]
Itr:7
Q:[[ 2.64260000e+00  1.99800000e-01  2.08680000e+00  1.69200000e-01
  -1.21813670e-16 -1.29600000e-01 -2.12051487e-15  3.04489767e-16
   1.66366920e-16 -5.79203352e-17  5.56221735e-18 -3.11195514e-17
   2.01838546e-16 -3.16713322e-16]
 [ 1.99800000e-01  2.64260000e+00  1.69200000e-01  2.08680000e+00
   2.34601227e-16  1.40581990e-15 -1.29600000e-01 -1.66366920e-16
   3.88472587e-16 -6.94000413e-17  1.06969988e-16 -2.87536661e-16
  -3.81861209e-17 -2.40635289e-16]
 [ 2.08680000e+00  1.69200000e-01  2.64260000e+00  1.99800000e-01
   3.17479376e-16  2.23221441e-16 -2.31437092e-16  5.79203352e-17
   6.94000413e-17 -7.06379399e-17  4.65794070e-17 -2.27495800e-16
   1.15840670e-16 -2.67214029e-16]
 [ 1.69200000e-01  2.08680000e+00  1.99800000e-01  2.64260000e+00
  -1.29600000e-01  1.17417187e-15  1.37406753e-16 -5.56221735e-18
  -1.06969988e-16 -4.65794070e-17 -3.16879856e-16 -3.92574862e-16
   2.36255460e-17 -1.73144832e-16]
 [-1.21813670e-16  2.34601227e-16  3.17479376e-16 -1.29600000e-01
   2.64260000e+00 -1.69200000e-01  2.08680000e+00  3.11195514e-17
   2.87536661e-16  2.27495800e-16  3.92574862e-16 -9.68114477e-18
   5.28022071e-17  8.01025912e-17]
 [-1.29600000e-01  1.40581990e-15  2.23221441e-16  1.17417187e-15
  -1.69200000e-01  2.64260000e+00 -1.99800000e-01 -2.01838546e-16
   3.81861209e-17 -1.15840670e-16 -2.36255460e-17 -5.28022071e-17
  -1.84730009e-16 -1.22002408e-16]
 [-2.12051487e-15 -1.29600000e-01 -2.31437092e-16  1.37406753e-16
   2.08680000e+00 -1.99800000e-01  2.64260000e+00  3.16713322e-16
   2.40635289e-16  2.67214029e-16  1.73144832e-16 -8.01025912e-17
   1.22002408e-16 -2.41556775e-16]
 [-3.04489767e-16 -1.66366920e-16  5.79203352e-17 -5.56221735e-18
   3.11195514e-17 -2.01838546e-16  3.16713322e-16  2.64260000e+00
   1.99800000e-01  2.08680000e+00  1.69200000e-01 -1.21813670e-16
  -1.29600000e-01 -2.12051487e-15]
 [ 1.66366920e-16 -3.88472587e-16  6.94000413e-17 -1.06969988e-16
   2.87536661e-16  3.81861209e-17  2.40635289e-16  1.99800000e-01
   2.64260000e+00  1.69200000e-01  2.08680000e+00  2.34601227e-16
   1.40581990e-15 -1.29600000e-01]
 [-5.79203352e-17 -6.94000413e-17  7.06379399e-17 -4.65794070e-17
   2.27495800e-16 -1.15840670e-16  2.67214029e-16  2.08680000e+00
   1.69200000e-01  2.64260000e+00  1.99800000e-01  3.17479376e-16
   2.23221441e-16 -2.31437092e-16]
 [ 5.56221735e-18  1.06969988e-16  4.65794070e-17  3.16879856e-16
   3.92574862e-16 -2.36255460e-17  1.73144832e-16  1.69200000e-01
   2.08680000e+00  1.99800000e-01  2.64260000e+00 -1.29600000e-01
   1.17417187e-15  1.37406753e-16]
 [-3.11195514e-17 -2.87536661e-16 -2.27495800e-16 -3.92574862e-16
   9.68114477e-18 -5.28022071e-17 -8.01025912e-17 -1.21813670e-16
   2.34601227e-16  3.17479376e-16 -1.29600000e-01  2.64260000e+00
  -1.69200000e-01  2.08680000e+00]
 [ 2.01838546e-16 -3.81861209e-17  1.15840670e-16  2.36255460e-17
   5.28022071e-17  1.84730009e-16  1.22002408e-16 -1.29600000e-01
   1.40581990e-15  2.23221441e-16  1.17417187e-15 -1.69200000e-01
   2.64260000e+00 -1.99800000e-01]
 [-3.16713322e-16 -2.40635289e-16 -2.67214029e-16 -1.73144832e-16
   8.01025912e-17 -1.22002408e-16  2.41556775e-16 -2.12051487e-15
  -1.29600000e-01 -2.31437092e-16  1.37406753e-16  2.08680000e+00
  -1.99800000e-01  2.64260000e+00]]
r:[[ 9.00000000e-02]
 [ 1.11000000e+00]
 [ 0.00000000e+00]
 [ 9.40000000e-01]
 [-5.21804822e-17]
 [-7.20000000e-01]
 [ 5.54556401e-16]
 [-4.49640325e-17]
 [-3.18078897e-16]
 [ 0.00000000e+00]
 [ 3.13082893e-16]
 [ 5.21804822e-17]
 [-1.31006317e-16]
 [ 1.23234756e-16]]
Itr:8
Q:[[ 2.64260000e+00  1.99800000e-01  2.08680000e+00  1.69200000e-01
  -1.21813670e-16 -1.29600000e-01 -2.12051487e-15  5.79203352e-17
   3.04489767e-16  1.66366920e-16 -5.79203352e-17  5.56221735e-18
  -3.11195514e-17  2.01838546e-16 -3.16713322e-16 -1.15840670e-16]
 [ 1.99800000e-01  2.64260000e+00  1.69200000e-01  2.08680000e+00
   2.34601227e-16  1.40581990e-15 -1.29600000e-01 -4.69624339e-18
  -1.66366920e-16  3.88472587e-16 -6.94000413e-17  1.06969988e-16
  -2.87536661e-16 -3.81861209e-17 -2.40635289e-16  8.97504293e-17]
 [ 2.08680000e+00  1.69200000e-01  2.64260000e+00  1.99800000e-01
   3.17479376e-16  2.23221441e-16 -2.31437092e-16 -1.29600000e-01
   5.79203352e-17  6.94000413e-17 -7.06379399e-17  4.65794070e-17
  -2.27495800e-16  1.15840670e-16 -2.67214029e-16 -2.26296759e-16]
 [ 1.69200000e-01  2.08680000e+00  1.99800000e-01  2.64260000e+00
  -1.29600000e-01  1.17417187e-15  1.37406753e-16 -9.10360676e-16
  -5.56221735e-18 -1.06969988e-16 -4.65794070e-17 -3.16879856e-16
  -3.92574862e-16  2.36255460e-17 -1.73144832e-16  7.51732010e-17]
 [-1.21813670e-16  2.34601227e-16  3.17479376e-16 -1.29600000e-01
   2.64260000e+00 -1.69200000e-01  2.08680000e+00 -1.99800000e-01
   3.11195514e-17  2.87536661e-16  2.27495800e-16  3.92574862e-16
  -9.68114477e-18  5.28022071e-17  8.01025912e-17 -2.44004816e-16]
 [-1.29600000e-01  1.40581990e-15  2.23221441e-16  1.17417187e-15
  -1.69200000e-01  2.64260000e+00 -1.99800000e-01  2.08680000e+00
  -2.01838546e-16  3.81861209e-17 -1.15840670e-16 -2.36255460e-17
  -5.28022071e-17 -1.84730009e-16 -1.22002408e-16  2.31681341e-16]
 [-2.12051487e-15 -1.29600000e-01 -2.31437092e-16  1.37406753e-16
   2.08680000e+00 -1.99800000e-01  2.64260000e+00 -1.69200000e-01
   3.16713322e-16  2.40635289e-16  2.67214029e-16  1.73144832e-16
  -8.01025912e-17  1.22002408e-16 -2.41556775e-16  5.42677014e-17]
 [ 5.79203352e-17 -4.69624339e-18 -1.29600000e-01 -9.10360676e-16
  -1.99800000e-01  2.08680000e+00 -1.69200000e-01  2.64260000e+00
   1.15840670e-16 -8.97504293e-17  2.26296759e-16 -7.51732010e-17
   2.44004816e-16 -2.31681341e-16 -5.42677014e-17  2.05274686e-16]
 [-3.04489767e-16 -1.66366920e-16  5.79203352e-17 -5.56221735e-18
   3.11195514e-17 -2.01838546e-16  3.16713322e-16  1.15840670e-16
   2.64260000e+00  1.99800000e-01  2.08680000e+00  1.69200000e-01
  -1.21813670e-16 -1.29600000e-01 -2.12051487e-15  5.79203352e-17]
 [ 1.66366920e-16 -3.88472587e-16  6.94000413e-17 -1.06969988e-16
   2.87536661e-16  3.81861209e-17  2.40635289e-16 -8.97504293e-17
   1.99800000e-01  2.64260000e+00  1.69200000e-01  2.08680000e+00
   2.34601227e-16  1.40581990e-15 -1.29600000e-01 -4.69624339e-18]
 [-5.79203352e-17 -6.94000413e-17  7.06379399e-17 -4.65794070e-17
   2.27495800e-16 -1.15840670e-16  2.67214029e-16  2.26296759e-16
   2.08680000e+00  1.69200000e-01  2.64260000e+00  1.99800000e-01
   3.17479376e-16  2.23221441e-16 -2.31437092e-16 -1.29600000e-01]
 [ 5.56221735e-18  1.06969988e-16  4.65794070e-17  3.16879856e-16
   3.92574862e-16 -2.36255460e-17  1.73144832e-16 -7.51732010e-17
   1.69200000e-01  2.08680000e+00  1.99800000e-01  2.64260000e+00
  -1.29600000e-01  1.17417187e-15  1.37406753e-16 -9.10360676e-16]
 [-3.11195514e-17 -2.87536661e-16 -2.27495800e-16 -3.92574862e-16
   9.68114477e-18 -5.28022071e-17 -8.01025912e-17  2.44004816e-16
  -1.21813670e-16  2.34601227e-16  3.17479376e-16 -1.29600000e-01
   2.64260000e+00 -1.69200000e-01  2.08680000e+00 -1.99800000e-01]
 [ 2.01838546e-16 -3.81861209e-17  1.15840670e-16  2.36255460e-17
   5.28022071e-17  1.84730009e-16  1.22002408e-16 -2.31681341e-16
  -1.29600000e-01  1.40581990e-15  2.23221441e-16  1.17417187e-15
  -1.69200000e-01  2.64260000e+00 -1.99800000e-01  2.08680000e+00]
 [-3.16713322e-16 -2.40635289e-16 -2.67214029e-16 -1.73144832e-16
   8.01025912e-17 -1.22002408e-16  2.41556775e-16 -5.42677014e-17
  -2.12051487e-15 -1.29600000e-01 -2.31437092e-16  1.37406753e-16
   2.08680000e+00 -1.99800000e-01  2.64260000e+00 -1.69200000e-01]
 [-1.15840670e-16  8.97504293e-17 -2.26296759e-16  7.51732010e-17
  -2.44004816e-16  2.31681341e-16  5.42677014e-17 -2.05274686e-16
   5.79203352e-17 -4.69624339e-18 -1.29600000e-01 -9.10360676e-16
  -1.99800000e-01  2.08680000e+00 -1.69200000e-01  2.64260000e+00]]
r:[[ 9.00000000e-02]
 [ 1.11000000e+00]
 [ 0.00000000e+00]
 [ 9.40000000e-01]
 [-5.21804822e-17]
 [-7.20000000e-01]
 [ 5.54556401e-16]
 [ 0.00000000e+00]
 [-4.49640325e-17]
 [-3.18078897e-16]
 [ 0.00000000e+00]
 [ 3.13082893e-16]
 [ 5.21804822e-17]
 [-1.31006317e-16]
 [ 1.23234756e-16]
 [ 0.00000000e+00]]
Iterations are:[1, 2, 3, 4, 5, 6, 7, 8]
Losses are:[0.996934836728478, 0.533740584246126, 0.5279538590475514, 0.5233179564157141, 0.5232880425918085, 0.32996886860511887, 0.3293957699551354, 0.0004242621520947898]
