qubit number is:6
term number is:6
condition number is:6.431360721588135
Pauli strings are:[['Z', 'Y', 'Y', 'I', 'X', 'I'], ['X', 'X', 'X', 'Z', 'X', 'I'], ['Y', 'X', 'X', 'Z', 'Z', 'I'], ['Y', 'X', 'I', 'X', 'Y', 'Z'], ['I', 'X', 'X', 'X', 'Y', 'I'], ['I', 'X', 'X', 'Y', 'Z', 'Y']]
Coefficients of the terms are:[-0.37 -0.55  0.21  0.31  0.44  0.05]
Itr:1
Q:[[ 8.50045636e-01  6.95528162e-17]
 [-6.95528162e-17  8.50045636e-01]]
r:[[0.]
 [0.]]
Itr:2
Q:[[ 8.50045636e-01  3.46001006e-17  6.95528162e-17 -9.87543380e-18]
 [ 3.46001006e-17  8.50045636e-01  9.87543380e-18 -2.17803748e-17]
 [-6.95528162e-17  9.87543380e-18  8.50045636e-01  3.46001006e-17]
 [-9.87543380e-18  2.17803748e-17  3.46001006e-17  8.50045636e-01]]
r:[[ 0.        ]
 [ 0.61114328]
 [ 0.        ]
 [-0.04175793]]
Itr:3
Q:[[ 8.50045636e-01  3.46001006e-17  1.81504117e-16  6.95528162e-17
  -9.87543380e-18  3.20872752e-02]
 [ 3.46001006e-17  8.50045636e-01  1.87072580e-18  9.87543380e-18
  -2.17803748e-17  1.69475545e-17]
 [ 1.81504117e-16  1.87072580e-18  8.50045636e-01 -3.20872752e-02
  -1.69475545e-17  6.29364182e-17]
 [-6.95528162e-17  9.87543380e-18 -3.20872752e-02  8.50045636e-01
   3.46001006e-17  1.81504117e-16]
 [-9.87543380e-18  2.17803748e-17 -1.69475545e-17  3.46001006e-17
   8.50045636e-01  1.87072580e-18]
 [ 3.20872752e-02  1.69475545e-17 -6.29364182e-17  1.81504117e-16
   1.87072580e-18  8.50045636e-01]]
r:[[ 0.00000000e+00]
 [ 6.11143279e-01]
 [ 4.10782519e-17]
 [ 0.00000000e+00]
 [-4.17579256e-02]
 [ 2.22044605e-18]]
Itr:4
Q:[[ 8.50045636e-01  3.46001006e-17  1.81504117e-16  1.12909682e-17
   6.95528162e-17 -9.87543380e-18  3.20872752e-02  7.93809463e-19]
 [ 3.46001006e-17  8.50045636e-01  1.87072580e-18  8.40941899e-17
   9.87543380e-18 -2.17803748e-17  1.69475545e-17  3.20872752e-02]
 [ 1.81504117e-16  1.87072580e-18  8.50045636e-01  2.27706742e-17
  -3.20872752e-02 -1.69475545e-17  6.29364182e-17  3.07032177e-17]
 [ 1.12909682e-17  8.40941899e-17  2.27706742e-17  8.50045636e-01
  -7.93809463e-19 -3.20872752e-02 -3.07032177e-17  1.95802684e-16]
 [-6.95528162e-17  9.87543380e-18 -3.20872752e-02 -7.93809463e-19
   8.50045636e-01  3.46001006e-17  1.81504117e-16  1.12909682e-17]
 [-9.87543380e-18  2.17803748e-17 -1.69475545e-17 -3.20872752e-02
   3.46001006e-17  8.50045636e-01  1.87072580e-18  8.40941899e-17]
 [ 3.20872752e-02  1.69475545e-17 -6.29364182e-17 -3.07032177e-17
   1.81504117e-16  1.87072580e-18  8.50045636e-01  2.27706742e-17]
 [ 7.93809463e-19  3.20872752e-02  3.07032177e-17 -1.95802684e-16
   1.12909682e-17  8.40941899e-17  2.27706742e-17  8.50045636e-01]]
r:[[ 0.00000000e+00]
 [ 6.11143279e-01]
 [ 4.10782519e-17]
 [ 3.82920199e-01]
 [ 0.00000000e+00]
 [-4.17579256e-02]
 [ 2.22044605e-18]
 [-8.09619395e-02]]
Itr:5
Q:[[ 8.50045636e-01  3.46001006e-17  1.81504117e-16  1.12909682e-17
   1.66654884e-17  6.95528162e-17 -9.87543380e-18  3.20872752e-02
   7.93809463e-19 -4.86911655e-02]
 [ 3.46001006e-17  8.50045636e-01  1.87072580e-18  8.40941899e-17
  -1.65978342e-17  9.87543380e-18 -2.17803748e-17  1.69475545e-17
   3.20872752e-02 -3.15525384e-17]
 [ 1.81504117e-16  1.87072580e-18  8.50045636e-01  2.27706742e-17
  -6.07005516e-01 -3.20872752e-02 -1.69475545e-17  6.29364182e-17
   3.07032177e-17 -6.54294327e-17]
 [ 1.12909682e-17  8.40941899e-17  2.27706742e-17  8.50045636e-01
  -9.64284208e-17 -7.93809463e-19 -3.20872752e-02 -3.07032177e-17
   1.95802684e-16 -6.06736883e-18]
 [ 1.66654884e-17 -1.65978342e-17 -6.07005516e-01 -9.64284208e-17
   8.50045636e-01  4.86911655e-02  3.15525384e-17  6.54294327e-17
   6.06736883e-18  7.35284771e-17]
 [-6.95528162e-17  9.87543380e-18 -3.20872752e-02 -7.93809463e-19
   4.86911655e-02  8.50045636e-01  3.46001006e-17  1.81504117e-16
   1.12909682e-17  1.66654884e-17]
 [-9.87543380e-18  2.17803748e-17 -1.69475545e-17 -3.20872752e-02
   3.15525384e-17  3.46001006e-17  8.50045636e-01  1.87072580e-18
   8.40941899e-17 -1.65978342e-17]
 [ 3.20872752e-02  1.69475545e-17 -6.29364182e-17 -3.07032177e-17
   6.54294327e-17  1.81504117e-16  1.87072580e-18  8.50045636e-01
   2.27706742e-17 -6.07005516e-01]
 [ 7.93809463e-19  3.20872752e-02  3.07032177e-17 -1.95802684e-16
   6.06736883e-18  1.12909682e-17  8.40941899e-17  2.27706742e-17
   8.50045636e-01 -9.64284208e-17]
 [-4.86911655e-02 -3.15525384e-17 -6.54294327e-17 -6.06736883e-18
  -7.35284771e-17  1.66654884e-17 -1.65978342e-17 -6.07005516e-01
  -9.64284208e-17  8.50045636e-01]]
r:[[ 0.00000000e+00]
 [ 6.11143279e-01]
 [ 4.10782519e-17]
 [ 3.82920199e-01]
 [ 1.01585407e-16]
 [ 0.00000000e+00]
 [-4.17579256e-02]
 [ 2.22044605e-18]
 [-8.09619395e-02]
 [-9.04831765e-17]]
Itr:6
Q:[[ 8.50045636e-01  3.46001006e-17  1.81504117e-16  1.12909682e-17
   1.66654884e-17 -1.96342942e-17  6.95528162e-17 -9.87543380e-18
   3.20872752e-02  7.93809463e-19 -4.86911655e-02 -2.07889261e-17]
 [ 3.46001006e-17  8.50045636e-01  1.87072580e-18  8.40941899e-17
  -1.65978342e-17 -1.50839410e-16  9.87543380e-18 -2.17803748e-17
   1.69475545e-17  3.20872752e-02 -3.15525384e-17 -4.86911655e-02]
 [ 1.81504117e-16  1.87072580e-18  8.50045636e-01  2.27706742e-17
  -6.07005516e-01  5.05484543e-17 -3.20872752e-02 -1.69475545e-17
   6.29364182e-17  3.07032177e-17 -6.54294327e-17  1.25011113e-17]
 [ 1.12909682e-17  8.40941899e-17  2.27706742e-17  8.50045636e-01
  -9.64284208e-17 -6.07005516e-01 -7.93809463e-19 -3.20872752e-02
  -3.07032177e-17  1.95802684e-16 -6.06736883e-18 -2.36535617e-16]
 [ 1.66654884e-17 -1.65978342e-17 -6.07005516e-01 -9.64284208e-17
   8.50045636e-01 -2.56072941e-17  4.86911655e-02  3.15525384e-17
   6.54294327e-17  6.06736883e-18  7.35284771e-17 -3.39728246e-18]
 [-1.96342942e-17 -1.50839410e-16  5.05484543e-17 -6.07005516e-01
  -2.56072941e-17  8.50045636e-01  2.07889261e-17  4.86911655e-02
  -1.25011113e-17  2.36535617e-16  3.39728246e-18  1.99775038e-16]
 [-6.95528162e-17  9.87543380e-18 -3.20872752e-02 -7.93809463e-19
   4.86911655e-02  2.07889261e-17  8.50045636e-01  3.46001006e-17
   1.81504117e-16  1.12909682e-17  1.66654884e-17 -1.96342942e-17]
 [-9.87543380e-18  2.17803748e-17 -1.69475545e-17 -3.20872752e-02
   3.15525384e-17  4.86911655e-02  3.46001006e-17  8.50045636e-01
   1.87072580e-18  8.40941899e-17 -1.65978342e-17 -1.50839410e-16]
 [ 3.20872752e-02  1.69475545e-17 -6.29364182e-17 -3.07032177e-17
   6.54294327e-17 -1.25011113e-17  1.81504117e-16  1.87072580e-18
   8.50045636e-01  2.27706742e-17 -6.07005516e-01  5.05484543e-17]
 [ 7.93809463e-19  3.20872752e-02  3.07032177e-17 -1.95802684e-16
   6.06736883e-18  2.36535617e-16  1.12909682e-17  8.40941899e-17
   2.27706742e-17  8.50045636e-01 -9.64284208e-17 -6.07005516e-01]
 [-4.86911655e-02 -3.15525384e-17 -6.54294327e-17 -6.06736883e-18
  -7.35284771e-17  3.39728246e-18  1.66654884e-17 -1.65978342e-17
  -6.07005516e-01 -9.64284208e-17  8.50045636e-01 -2.56072941e-17]
 [-2.07889261e-17 -4.86911655e-02  1.25011113e-17 -2.36535617e-16
  -3.39728246e-18 -1.99775038e-16 -1.96342942e-17 -1.50839410e-16
   5.05484543e-17 -6.07005516e-01 -2.56072941e-17  8.50045636e-01]]
r:[[ 0.00000000e+00]
 [ 6.11143279e-01]
 [ 4.10782519e-17]
 [ 3.82920199e-01]
 [ 1.01585407e-16]
 [-4.87297499e-03]
 [ 0.00000000e+00]
 [-4.17579256e-02]
 [ 2.22044605e-18]
 [-8.09619395e-02]
 [-9.04831765e-17]
 [ 4.42408952e-02]]
Itr:7
Q:[[ 8.50045636e-01  3.46001006e-17  1.81504117e-16  1.12909682e-17
   1.66654884e-17 -1.96342942e-17 -6.97532310e-18  6.95528162e-17
  -9.87543380e-18  3.20872752e-02  7.93809463e-19 -4.86911655e-02
  -2.07889261e-17 -4.86911655e-02]
 [ 3.46001006e-17  8.50045636e-01  1.87072580e-18  8.40941899e-17
  -1.65978342e-17 -1.50839410e-16 -2.63122857e-18  9.87543380e-18
  -2.17803748e-17  1.69475545e-17  3.20872752e-02 -3.15525384e-17
  -4.86911655e-02 -5.81035220e-17]
 [ 1.81504117e-16  1.87072580e-18  8.50045636e-01  2.27706742e-17
  -6.07005516e-01  5.05484543e-17 -6.07005516e-01 -3.20872752e-02
  -1.69475545e-17  6.29364182e-17  3.07032177e-17 -6.54294327e-17
   1.25011113e-17 -1.39805702e-16]
 [ 1.12909682e-17  8.40941899e-17  2.27706742e-17  8.50045636e-01
  -9.64284208e-17 -6.07005516e-01 -4.47086812e-17 -7.93809463e-19
  -3.20872752e-02 -3.07032177e-17  1.95802684e-16 -6.06736883e-18
  -2.36535617e-16 -1.56041846e-17]
 [ 1.66654884e-17 -1.65978342e-17 -6.07005516e-01 -9.64284208e-17
   8.50045636e-01 -2.56072941e-17  8.50045636e-01  4.86911655e-02
   3.15525384e-17  6.54294327e-17  6.06736883e-18  7.35284771e-17
  -3.39728246e-18  1.83395779e-16]
 [-1.96342942e-17 -1.50839410e-16  5.05484543e-17 -6.07005516e-01
  -2.56072941e-17  8.50045636e-01  8.25783886e-17  2.07889261e-17
   4.86911655e-02 -1.25011113e-17  2.36535617e-16  3.39728246e-18
   1.99775038e-16 -8.72246719e-17]
 [-6.97532310e-18 -2.63122857e-18 -6.07005516e-01 -4.47086812e-17
   8.50045636e-01  8.25783886e-17  8.50045636e-01  4.86911655e-02
   5.81035220e-17  1.39805702e-16  1.56041846e-17 -1.83395779e-16
   8.72246719e-17 -7.58100722e-17]
 [-6.95528162e-17  9.87543380e-18 -3.20872752e-02 -7.93809463e-19
   4.86911655e-02  2.07889261e-17  4.86911655e-02  8.50045636e-01
   3.46001006e-17  1.81504117e-16  1.12909682e-17  1.66654884e-17
  -1.96342942e-17 -6.97532310e-18]
 [-9.87543380e-18  2.17803748e-17 -1.69475545e-17 -3.20872752e-02
   3.15525384e-17  4.86911655e-02  5.81035220e-17  3.46001006e-17
   8.50045636e-01  1.87072580e-18  8.40941899e-17 -1.65978342e-17
  -1.50839410e-16 -2.63122857e-18]
 [ 3.20872752e-02  1.69475545e-17 -6.29364182e-17 -3.07032177e-17
   6.54294327e-17 -1.25011113e-17  1.39805702e-16  1.81504117e-16
   1.87072580e-18  8.50045636e-01  2.27706742e-17 -6.07005516e-01
   5.05484543e-17 -6.07005516e-01]
 [ 7.93809463e-19  3.20872752e-02  3.07032177e-17 -1.95802684e-16
   6.06736883e-18  2.36535617e-16  1.56041846e-17  1.12909682e-17
   8.40941899e-17  2.27706742e-17  8.50045636e-01 -9.64284208e-17
  -6.07005516e-01 -4.47086812e-17]
 [-4.86911655e-02 -3.15525384e-17 -6.54294327e-17 -6.06736883e-18
  -7.35284771e-17  3.39728246e-18 -1.83395779e-16  1.66654884e-17
  -1.65978342e-17 -6.07005516e-01 -9.64284208e-17  8.50045636e-01
  -2.56072941e-17  8.50045636e-01]
 [-2.07889261e-17 -4.86911655e-02  1.25011113e-17 -2.36535617e-16
  -3.39728246e-18 -1.99775038e-16  8.72246719e-17 -1.96342942e-17
  -1.50839410e-16  5.05484543e-17 -6.07005516e-01 -2.56072941e-17
   8.50045636e-01  8.25783886e-17]
 [-4.86911655e-02 -5.81035220e-17 -1.39805702e-16 -1.56041846e-17
   1.83395779e-16 -8.72246719e-17  7.58100722e-17 -6.97532310e-18
  -2.63122857e-18 -6.07005516e-01 -4.47086812e-17  8.50045636e-01
   8.25783886e-17  8.50045636e-01]]
r:[[ 0.00000000e+00]
 [ 6.11143279e-01]
 [ 4.10782519e-17]
 [ 3.82920199e-01]
 [ 1.01585407e-16]
 [-4.87297499e-03]
 [ 2.33146835e-17]
 [ 0.00000000e+00]
 [-4.17579256e-02]
 [ 2.22044605e-18]
 [-8.09619395e-02]
 [-9.04831765e-17]
 [ 4.42408952e-02]
 [ 0.00000000e+00]]
Itr:8
Q:[[ 8.50045636e-01  3.46001006e-17  1.81504117e-16  1.12909682e-17
   1.66654884e-17 -1.96342942e-17 -6.97532310e-18  1.95010674e-17
   6.95528162e-17 -9.87543380e-18  3.20872752e-02  7.93809463e-19
  -4.86911655e-02 -2.07889261e-17 -4.86911655e-02  5.53723734e-17]
 [ 3.46001006e-17  8.50045636e-01  1.87072580e-18  8.40941899e-17
  -1.65978342e-17 -1.50839410e-16 -2.63122857e-18  2.06245933e-01
   9.87543380e-18 -2.17803748e-17  1.69475545e-17  3.20872752e-02
  -3.15525384e-17 -4.86911655e-02 -5.81035220e-17 -2.63360839e-17]
 [ 1.81504117e-16  1.87072580e-18  8.50045636e-01  2.27706742e-17
  -6.07005516e-01  5.05484543e-17 -6.07005516e-01  2.56017429e-17
  -3.20872752e-02 -1.69475545e-17  6.29364182e-17  3.07032177e-17
  -6.54294327e-17  1.25011113e-17 -1.39805702e-16  1.49158463e-17]
 [ 1.12909682e-17  8.40941899e-17  2.27706742e-17  8.50045636e-01
  -9.64284208e-17 -6.07005516e-01 -4.47086812e-17  1.97731371e-16
  -7.93809463e-19 -3.20872752e-02 -3.07032177e-17  1.95802684e-16
  -6.06736883e-18 -2.36535617e-16 -1.56041846e-17  1.04180727e-01]
 [ 1.66654884e-17 -1.65978342e-17 -6.07005516e-01 -9.64284208e-17
   8.50045636e-01 -2.56072941e-17  8.50045636e-01 -1.01302300e-16
   4.86911655e-02  3.15525384e-17  6.54294327e-17  6.06736883e-18
   7.35284771e-17 -3.39728246e-18  1.83395779e-16 -1.86073379e-17]
 [-1.96342942e-17 -1.50839410e-16  5.05484543e-17 -6.07005516e-01
  -2.56072941e-17  8.50045636e-01  8.25783886e-17 -4.06562888e-01
   2.07889261e-17  4.86911655e-02 -1.25011113e-17  2.36535617e-16
   3.39728246e-18  1.99775038e-16 -8.72246719e-17 -9.75348274e-17]
 [-6.97532310e-18 -2.63122857e-18 -6.07005516e-01 -4.47086812e-17
   8.50045636e-01  8.25783886e-17  8.50045636e-01 -1.44201318e-16
   4.86911655e-02  5.81035220e-17  1.39805702e-16  1.56041846e-17
  -1.83395779e-16  8.72246719e-17 -7.58100722e-17 -4.58355576e-17]
 [ 1.95010674e-17  2.06245933e-01  2.56017429e-17  1.97731371e-16
  -1.01302300e-16 -4.06562888e-01 -1.44201318e-16  8.50045636e-01
  -5.53723734e-17  2.63360839e-17 -1.49158463e-17 -1.04180727e-01
   1.86073379e-17  9.75348274e-17  4.58355576e-17 -7.73158122e-17]
 [-6.95528162e-17  9.87543380e-18 -3.20872752e-02 -7.93809463e-19
   4.86911655e-02  2.07889261e-17  4.86911655e-02 -5.53723734e-17
   8.50045636e-01  3.46001006e-17  1.81504117e-16  1.12909682e-17
   1.66654884e-17 -1.96342942e-17 -6.97532310e-18  1.95010674e-17]
 [-9.87543380e-18  2.17803748e-17 -1.69475545e-17 -3.20872752e-02
   3.15525384e-17  4.86911655e-02  5.81035220e-17  2.63360839e-17
   3.46001006e-17  8.50045636e-01  1.87072580e-18  8.40941899e-17
  -1.65978342e-17 -1.50839410e-16 -2.63122857e-18  2.06245933e-01]
 [ 3.20872752e-02  1.69475545e-17 -6.29364182e-17 -3.07032177e-17
   6.54294327e-17 -1.25011113e-17  1.39805702e-16 -1.49158463e-17
   1.81504117e-16  1.87072580e-18  8.50045636e-01  2.27706742e-17
  -6.07005516e-01  5.05484543e-17 -6.07005516e-01  2.56017429e-17]
 [ 7.93809463e-19  3.20872752e-02  3.07032177e-17 -1.95802684e-16
   6.06736883e-18  2.36535617e-16  1.56041846e-17 -1.04180727e-01
   1.12909682e-17  8.40941899e-17  2.27706742e-17  8.50045636e-01
  -9.64284208e-17 -6.07005516e-01 -4.47086812e-17  1.97731371e-16]
 [-4.86911655e-02 -3.15525384e-17 -6.54294327e-17 -6.06736883e-18
  -7.35284771e-17  3.39728246e-18 -1.83395779e-16  1.86073379e-17
   1.66654884e-17 -1.65978342e-17 -6.07005516e-01 -9.64284208e-17
   8.50045636e-01 -2.56072941e-17  8.50045636e-01 -1.01302300e-16]
 [-2.07889261e-17 -4.86911655e-02  1.25011113e-17 -2.36535617e-16
  -3.39728246e-18 -1.99775038e-16  8.72246719e-17  9.75348274e-17
  -1.96342942e-17 -1.50839410e-16  5.05484543e-17 -6.07005516e-01
  -2.56072941e-17  8.50045636e-01  8.25783886e-17 -4.06562888e-01]
 [-4.86911655e-02 -5.81035220e-17 -1.39805702e-16 -1.56041846e-17
   1.83395779e-16 -8.72246719e-17  7.58100722e-17  4.58355576e-17
  -6.97532310e-18 -2.63122857e-18 -6.07005516e-01 -4.47086812e-17
   8.50045636e-01  8.25783886e-17  8.50045636e-01 -1.44201318e-16]
 [ 5.53723734e-17 -2.63360839e-17  1.49158463e-17  1.04180727e-01
  -1.86073379e-17 -9.75348274e-17 -4.58355576e-17  7.73158122e-17
   1.95010674e-17  2.06245933e-01  2.56017429e-17  1.97731371e-16
  -1.01302300e-16 -4.06562888e-01 -1.44201318e-16  8.50045636e-01]]
r:[[ 0.00000000e+00]
 [ 6.11143279e-01]
 [ 4.10782519e-17]
 [ 3.82920199e-01]
 [ 1.01585407e-16]
 [-4.87297499e-03]
 [ 2.33146835e-17]
 [ 5.41424781e-02]
 [ 0.00000000e+00]
 [-4.17579256e-02]
 [ 2.22044605e-18]
 [-8.09619395e-02]
 [-9.04831765e-17]
 [ 4.42408952e-02]
 [ 0.00000000e+00]
 [ 1.05945935e-01]]
Itr:9
Q:[[ 8.50045636e-01  3.46001006e-17  1.81504117e-16  1.12909682e-17
   1.66654884e-17 -1.96342942e-17 -6.97532310e-18  1.95010674e-17
  -3.96436356e-17  6.95528162e-17 -9.87543380e-18  3.20872752e-02
   7.93809463e-19 -4.86911655e-02 -2.07889261e-17 -4.86911655e-02
   5.53723734e-17 -4.86911655e-02]
 [ 3.46001006e-17  8.50045636e-01  1.87072580e-18  8.40941899e-17
  -1.65978342e-17 -1.50839410e-16 -2.63122857e-18  2.06245933e-01
   2.01505479e-17  9.87543380e-18 -2.17803748e-17  1.69475545e-17
   3.20872752e-02 -3.15525384e-17 -4.86911655e-02 -5.81035220e-17
  -2.63360839e-17 -4.52415883e-18]
 [ 1.81504117e-16  1.87072580e-18  8.50045636e-01  2.27706742e-17
  -6.07005516e-01  5.05484543e-17 -6.07005516e-01  2.56017429e-17
  -6.07005516e-01 -3.20872752e-02 -1.69475545e-17  6.29364182e-17
   3.07032177e-17 -6.54294327e-17  1.25011113e-17 -1.39805702e-16
   1.49158463e-17 -7.38389384e-17]
 [ 1.12909682e-17  8.40941899e-17  2.27706742e-17  8.50045636e-01
  -9.64284208e-17 -6.07005516e-01 -4.47086812e-17  1.97731371e-16
  -3.09752224e-17 -7.93809463e-19 -3.20872752e-02 -3.07032177e-17
   1.95802684e-16 -6.06736883e-18 -2.36535617e-16 -1.56041846e-17
   1.04180727e-01 -3.98681088e-17]
 [ 1.66654884e-17 -1.65978342e-17 -6.07005516e-01 -9.64284208e-17
   8.50045636e-01 -2.56072941e-17  8.50045636e-01 -1.01302300e-16
   8.50045636e-01  4.86911655e-02  3.15525384e-17  6.54294327e-17
   6.06736883e-18  7.35284771e-17 -3.39728246e-18  1.83395779e-16
  -1.86073379e-17 -1.13133786e-17]
 [-1.96342942e-17 -1.50839410e-16  5.05484543e-17 -6.07005516e-01
  -2.56072941e-17  8.50045636e-01  8.25783886e-17 -4.06562888e-01
  -4.78506124e-18  2.07889261e-17  4.86911655e-02 -1.25011113e-17
   2.36535617e-16  3.39728246e-18  1.99775038e-16 -8.72246719e-17
  -9.75348274e-17 -4.60187444e-17]
 [-6.97532310e-18 -2.63122857e-18 -6.07005516e-01 -4.47086812e-17
   8.50045636e-01  8.25783886e-17  8.50045636e-01 -1.44201318e-16
   8.50045636e-01  4.86911655e-02  5.81035220e-17  1.39805702e-16
   1.56041846e-17 -1.83395779e-16  8.72246719e-17 -7.58100722e-17
  -4.58355576e-17 -2.22928826e-16]
 [ 1.95010674e-17  2.06245933e-01  2.56017429e-17  1.97731371e-16
  -1.01302300e-16 -4.06562888e-01 -1.44201318e-16  8.50045636e-01
   1.44606549e-17 -5.53723734e-17  2.63360839e-17 -1.49158463e-17
  -1.04180727e-01  1.86073379e-17  9.75348274e-17  4.58355576e-17
  -7.73158122e-17  6.03406214e-18]
 [-3.96436356e-17  2.01505479e-17 -6.07005516e-01 -3.09752224e-17
   8.50045636e-01 -4.78506124e-18  8.50045636e-01  1.44606549e-17
   8.50045636e-01  4.86911655e-02  4.52415883e-18  7.38389384e-17
   3.98681088e-17  1.13133786e-17  4.60187444e-17  2.22928826e-16
  -6.03406214e-18 -8.87615177e-17]
 [-6.95528162e-17  9.87543380e-18 -3.20872752e-02 -7.93809463e-19
   4.86911655e-02  2.07889261e-17  4.86911655e-02 -5.53723734e-17
   4.86911655e-02  8.50045636e-01  3.46001006e-17  1.81504117e-16
   1.12909682e-17  1.66654884e-17 -1.96342942e-17 -6.97532310e-18
   1.95010674e-17 -3.96436356e-17]
 [-9.87543380e-18  2.17803748e-17 -1.69475545e-17 -3.20872752e-02
   3.15525384e-17  4.86911655e-02  5.81035220e-17  2.63360839e-17
   4.52415883e-18  3.46001006e-17  8.50045636e-01  1.87072580e-18
   8.40941899e-17 -1.65978342e-17 -1.50839410e-16 -2.63122857e-18
   2.06245933e-01  2.01505479e-17]
 [ 3.20872752e-02  1.69475545e-17 -6.29364182e-17 -3.07032177e-17
   6.54294327e-17 -1.25011113e-17  1.39805702e-16 -1.49158463e-17
   7.38389384e-17  1.81504117e-16  1.87072580e-18  8.50045636e-01
   2.27706742e-17 -6.07005516e-01  5.05484543e-17 -6.07005516e-01
   2.56017429e-17 -6.07005516e-01]
 [ 7.93809463e-19  3.20872752e-02  3.07032177e-17 -1.95802684e-16
   6.06736883e-18  2.36535617e-16  1.56041846e-17 -1.04180727e-01
   3.98681088e-17  1.12909682e-17  8.40941899e-17  2.27706742e-17
   8.50045636e-01 -9.64284208e-17 -6.07005516e-01 -4.47086812e-17
   1.97731371e-16 -3.09752224e-17]
 [-4.86911655e-02 -3.15525384e-17 -6.54294327e-17 -6.06736883e-18
  -7.35284771e-17  3.39728246e-18 -1.83395779e-16  1.86073379e-17
   1.13133786e-17  1.66654884e-17 -1.65978342e-17 -6.07005516e-01
  -9.64284208e-17  8.50045636e-01 -2.56072941e-17  8.50045636e-01
  -1.01302300e-16  8.50045636e-01]
 [-2.07889261e-17 -4.86911655e-02  1.25011113e-17 -2.36535617e-16
  -3.39728246e-18 -1.99775038e-16  8.72246719e-17  9.75348274e-17
   4.60187444e-17 -1.96342942e-17 -1.50839410e-16  5.05484543e-17
  -6.07005516e-01 -2.56072941e-17  8.50045636e-01  8.25783886e-17
  -4.06562888e-01 -4.78506124e-18]
 [-4.86911655e-02 -5.81035220e-17 -1.39805702e-16 -1.56041846e-17
   1.83395779e-16 -8.72246719e-17  7.58100722e-17  4.58355576e-17
   2.22928826e-16 -6.97532310e-18 -2.63122857e-18 -6.07005516e-01
  -4.47086812e-17  8.50045636e-01  8.25783886e-17  8.50045636e-01
  -1.44201318e-16  8.50045636e-01]
 [ 5.53723734e-17 -2.63360839e-17  1.49158463e-17  1.04180727e-01
  -1.86073379e-17 -9.75348274e-17 -4.58355576e-17  7.73158122e-17
  -6.03406214e-18  1.95010674e-17  2.06245933e-01  2.56017429e-17
   1.97731371e-16 -1.01302300e-16 -4.06562888e-01 -1.44201318e-16
   8.50045636e-01  1.44606549e-17]
 [-4.86911655e-02 -4.52415883e-18 -7.38389384e-17 -3.98681088e-17
  -1.13133786e-17 -4.60187444e-17 -2.22928826e-16  6.03406214e-18
   8.87615177e-17 -3.96436356e-17  2.01505479e-17 -6.07005516e-01
  -3.09752224e-17  8.50045636e-01 -4.78506124e-18  8.50045636e-01
   1.44606549e-17  8.50045636e-01]]
r:[[ 0.00000000e+00]
 [ 6.11143279e-01]
 [ 4.10782519e-17]
 [ 3.82920199e-01]
 [ 1.01585407e-16]
 [-4.87297499e-03]
 [ 2.33146835e-17]
 [ 5.41424781e-02]
 [ 0.00000000e+00]
 [ 0.00000000e+00]
 [-4.17579256e-02]
 [ 2.22044605e-18]
 [-8.09619395e-02]
 [-9.04831765e-17]
 [ 4.42408952e-02]
 [ 0.00000000e+00]
 [ 1.05945935e-01]
 [-1.16573418e-17]]
Itr:10
Q:[[ 8.50045636e-01  3.46001006e-17  1.81504117e-16  1.12909682e-17
   1.66654884e-17 -1.96342942e-17 -6.97532310e-18  1.95010674e-17
  -3.96436356e-17 -3.23185922e-17  6.95528162e-17 -9.87543380e-18
   3.20872752e-02  7.93809463e-19 -4.86911655e-02 -2.07889261e-17
  -4.86911655e-02  5.53723734e-17 -4.86911655e-02 -3.51219054e-17]
 [ 3.46001006e-17  8.50045636e-01  1.87072580e-18  8.40941899e-17
  -1.65978342e-17 -1.50839410e-16 -2.63122857e-18  2.06245933e-01
   2.01505479e-17 -6.07005516e-01  9.87543380e-18 -2.17803748e-17
   1.69475545e-17  3.20872752e-02 -3.15525384e-17 -4.86911655e-02
  -5.81035220e-17 -2.63360839e-17 -4.52415883e-18  3.10602238e-17]
 [ 1.81504117e-16  1.87072580e-18  8.50045636e-01  2.27706742e-17
  -6.07005516e-01  5.05484543e-17 -6.07005516e-01  2.56017429e-17
  -6.07005516e-01 -6.86173340e-17 -3.20872752e-02 -1.69475545e-17
   6.29364182e-17  3.07032177e-17 -6.54294327e-17  1.25011113e-17
  -1.39805702e-16  1.49158463e-17 -7.38389384e-17 -2.20101715e-17]
 [ 1.12909682e-17  8.40941899e-17  2.27706742e-17  8.50045636e-01
  -9.64284208e-17 -6.07005516e-01 -4.47086812e-17  1.97731371e-16
  -3.09752224e-17  5.54318744e-16 -7.93809463e-19 -3.20872752e-02
  -3.07032177e-17  1.95802684e-16 -6.06736883e-18 -2.36535617e-16
  -1.56041846e-17  1.04180727e-01 -3.98681088e-17  4.86911655e-02]
 [ 1.66654884e-17 -1.65978342e-17 -6.07005516e-01 -9.64284208e-17
   8.50045636e-01 -2.56072941e-17  8.50045636e-01 -1.01302300e-16
   8.50045636e-01 -7.24864613e-17  4.86911655e-02  3.15525384e-17
   6.54294327e-17  6.06736883e-18  7.35284771e-17 -3.39728246e-18
   1.83395779e-16 -1.86073379e-17 -1.13133786e-17 -2.29760655e-17]
 [-1.96342942e-17 -1.50839410e-16  5.05484543e-17 -6.07005516e-01
  -2.56072941e-17  8.50045636e-01  8.25783886e-17 -4.06562888e-01
  -4.78506124e-18 -4.93632912e-17  2.07889261e-17  4.86911655e-02
  -1.25011113e-17  2.36535617e-16  3.39728246e-18  1.99775038e-16
  -8.72246719e-17 -9.75348274e-17 -4.60187444e-17 -3.20872752e-02]
 [-6.97532310e-18 -2.63122857e-18 -6.07005516e-01 -4.47086812e-17
   8.50045636e-01  8.25783886e-17  8.50045636e-01 -1.44201318e-16
   8.50045636e-01 -9.56457136e-18  4.86911655e-02  5.81035220e-17
   1.39805702e-16  1.56041846e-17 -1.83395779e-16  8.72246719e-17
  -7.58100722e-17 -4.58355576e-17 -2.22928826e-16 -8.31279490e-17]
 [ 1.95010674e-17  2.06245933e-01  2.56017429e-17  1.97731371e-16
  -1.01302300e-16 -4.06562888e-01 -1.44201318e-16  8.50045636e-01
   1.44606549e-17  4.61246357e-16 -5.53723734e-17  2.63360839e-17
  -1.49158463e-17 -1.04180727e-01  1.86073379e-17  9.75348274e-17
   4.58355576e-17 -7.73158122e-17  6.03406214e-18  6.89962501e-02]
 [-3.96436356e-17  2.01505479e-17 -6.07005516e-01 -3.09752224e-17
   8.50045636e-01 -4.78506124e-18  8.50045636e-01  1.44606549e-17
   8.50045636e-01  7.12763182e-18  4.86911655e-02  4.52415883e-18
   7.38389384e-17  3.98681088e-17  1.13133786e-17  4.60187444e-17
   2.22928826e-16 -6.03406214e-18 -8.87615177e-17 -7.25863813e-17]
 [-3.23185922e-17 -6.07005516e-01 -6.86173340e-17  5.54318744e-16
  -7.24864613e-17 -4.93632912e-17 -9.56457136e-18  4.61246357e-16
   7.12763182e-18  8.50045636e-01  3.51219054e-17 -3.10602238e-17
   2.20101715e-17 -4.86911655e-02  2.29760655e-17  3.20872752e-02
   8.31279490e-17 -6.89962501e-02  7.25863813e-17  2.08160041e-16]
 [-6.95528162e-17  9.87543380e-18 -3.20872752e-02 -7.93809463e-19
   4.86911655e-02  2.07889261e-17  4.86911655e-02 -5.53723734e-17
   4.86911655e-02  3.51219054e-17  8.50045636e-01  3.46001006e-17
   1.81504117e-16  1.12909682e-17  1.66654884e-17 -1.96342942e-17
  -6.97532310e-18  1.95010674e-17 -3.96436356e-17 -3.23185922e-17]
 [-9.87543380e-18  2.17803748e-17 -1.69475545e-17 -3.20872752e-02
   3.15525384e-17  4.86911655e-02  5.81035220e-17  2.63360839e-17
   4.52415883e-18 -3.10602238e-17  3.46001006e-17  8.50045636e-01
   1.87072580e-18  8.40941899e-17 -1.65978342e-17 -1.50839410e-16
  -2.63122857e-18  2.06245933e-01  2.01505479e-17 -6.07005516e-01]
 [ 3.20872752e-02  1.69475545e-17 -6.29364182e-17 -3.07032177e-17
   6.54294327e-17 -1.25011113e-17  1.39805702e-16 -1.49158463e-17
   7.38389384e-17  2.20101715e-17  1.81504117e-16  1.87072580e-18
   8.50045636e-01  2.27706742e-17 -6.07005516e-01  5.05484543e-17
  -6.07005516e-01  2.56017429e-17 -6.07005516e-01 -6.86173340e-17]
 [ 7.93809463e-19  3.20872752e-02  3.07032177e-17 -1.95802684e-16
   6.06736883e-18  2.36535617e-16  1.56041846e-17 -1.04180727e-01
   3.98681088e-17 -4.86911655e-02  1.12909682e-17  8.40941899e-17
   2.27706742e-17  8.50045636e-01 -9.64284208e-17 -6.07005516e-01
  -4.47086812e-17  1.97731371e-16 -3.09752224e-17  5.54318744e-16]
 [-4.86911655e-02 -3.15525384e-17 -6.54294327e-17 -6.06736883e-18
  -7.35284771e-17  3.39728246e-18 -1.83395779e-16  1.86073379e-17
   1.13133786e-17  2.29760655e-17  1.66654884e-17 -1.65978342e-17
  -6.07005516e-01 -9.64284208e-17  8.50045636e-01 -2.56072941e-17
   8.50045636e-01 -1.01302300e-16  8.50045636e-01 -7.24864613e-17]
 [-2.07889261e-17 -4.86911655e-02  1.25011113e-17 -2.36535617e-16
  -3.39728246e-18 -1.99775038e-16  8.72246719e-17  9.75348274e-17
   4.60187444e-17  3.20872752e-02 -1.96342942e-17 -1.50839410e-16
   5.05484543e-17 -6.07005516e-01 -2.56072941e-17  8.50045636e-01
   8.25783886e-17 -4.06562888e-01 -4.78506124e-18 -4.93632912e-17]
 [-4.86911655e-02 -5.81035220e-17 -1.39805702e-16 -1.56041846e-17
   1.83395779e-16 -8.72246719e-17  7.58100722e-17  4.58355576e-17
   2.22928826e-16  8.31279490e-17 -6.97532310e-18 -2.63122857e-18
  -6.07005516e-01 -4.47086812e-17  8.50045636e-01  8.25783886e-17
   8.50045636e-01 -1.44201318e-16  8.50045636e-01 -9.56457136e-18]
 [ 5.53723734e-17 -2.63360839e-17  1.49158463e-17  1.04180727e-01
  -1.86073379e-17 -9.75348274e-17 -4.58355576e-17  7.73158122e-17
  -6.03406214e-18 -6.89962501e-02  1.95010674e-17  2.06245933e-01
   2.56017429e-17  1.97731371e-16 -1.01302300e-16 -4.06562888e-01
  -1.44201318e-16  8.50045636e-01  1.44606549e-17  4.61246357e-16]
 [-4.86911655e-02 -4.52415883e-18 -7.38389384e-17 -3.98681088e-17
  -1.13133786e-17 -4.60187444e-17 -2.22928826e-16  6.03406214e-18
   8.87615177e-17  7.25863813e-17 -3.96436356e-17  2.01505479e-17
  -6.07005516e-01 -3.09752224e-17  8.50045636e-01 -4.78506124e-18
   8.50045636e-01  1.44606549e-17  8.50045636e-01  7.12763182e-18]
 [-3.51219054e-17  3.10602238e-17 -2.20101715e-17  4.86911655e-02
  -2.29760655e-17 -3.20872752e-02 -8.31279490e-17  6.89962501e-02
  -7.25863813e-17 -2.08160041e-16 -3.23185922e-17 -6.07005516e-01
  -6.86173340e-17  5.54318744e-16 -7.24864613e-17 -4.93632912e-17
  -9.56457136e-18  4.61246357e-16  7.12763182e-18  8.50045636e-01]]
r:[[ 0.00000000e+00]
 [ 6.11143279e-01]
 [ 4.10782519e-17]
 [ 3.82920199e-01]
 [ 1.01585407e-16]
 [-4.87297499e-03]
 [ 2.33146835e-17]
 [ 5.41424781e-02]
 [ 0.00000000e+00]
 [-4.71980549e-01]
 [ 0.00000000e+00]
 [-4.17579256e-02]
 [ 2.22044605e-18]
 [-8.09619395e-02]
 [-9.04831765e-17]
 [ 4.42408952e-02]
 [ 0.00000000e+00]
 [ 1.05945935e-01]
 [-1.16573418e-17]
 [-9.29566875e-02]]
Iterations are:[1, 2, 3, 4, 5, 6, 7, 8, 9, 10]
Losses are:[1.0, 0.5585650498065775, 0.5585650498065411, 0.3744941744892524, 0.37449417448920075, 0.19989710853350406, 0.19989710853353382, 0.13307472029021805, 0.13307472029262124, 3.302492469825502e-06]
