qubit number is:6
term number is:5
condition number is:6.39384126663208
Pauli strings are:[['I', 'X', 'Z', 'Z', 'Z', 'Y'], ['I', 'Z', 'I', 'Z', 'Y', 'X'], ['I', 'Z', 'I', 'Y', 'Y', 'Z'], ['Y', 'I', 'Z', 'X', 'X', 'Y'], ['Z', 'Y', 'X', 'X', 'X', 'Y']]
Coefficients of the terms are:[ 0.52 -0.13 -0.   -0.25 -0.5 ]
Itr:1
Q:[[ 5.30317560e-01  8.21565038e-19]
 [-8.21565038e-19  5.30317560e-01]]
r:[[-2.88657986e-17]
 [ 0.00000000e+00]]
Itr:2
Q:[[ 5.30317560e-01 -5.92877666e-02  8.21565038e-19  8.78741524e-18]
 [-5.92877666e-02  5.30317560e-01 -8.78741524e-18 -7.45792317e-17]
 [-8.21565038e-19 -8.78741524e-18  5.30317560e-01 -5.92877666e-02]
 [ 8.78741524e-18  7.45792317e-17 -5.92877666e-02  5.30317560e-01]]
r:[[-2.88657986e-17]
 [ 5.20000000e-01]
 [ 0.00000000e+00]
 [ 5.77315973e-17]]
Itr:3
Q:[[ 5.30317560e-01 -5.92877666e-02 -4.47738262e-01  8.21565038e-19
   8.78741524e-18  1.35669254e-17]
 [-5.92877666e-02  5.30317560e-01  6.16592773e-02 -8.78741524e-18
  -7.45792317e-17 -1.02473585e-17]
 [-4.47738262e-01  6.16592773e-02  5.30317560e-01 -1.35669254e-17
   1.02473585e-17  3.99125177e-18]
 [-8.21565038e-19 -8.78741524e-18 -1.35669254e-17  5.30317560e-01
  -5.92877666e-02 -4.47738262e-01]
 [ 8.78741524e-18  7.45792317e-17  1.02473585e-17 -5.92877666e-02
   5.30317560e-01  6.16592773e-02]
 [ 1.35669254e-17 -1.02473585e-17 -3.99125177e-18 -4.47738262e-01
   6.16592773e-02  5.30317560e-01]]
r:[[-2.88657986e-17]
 [ 5.20000000e-01]
 [ 5.92877666e-02]
 [ 0.00000000e+00]
 [ 5.77315973e-17]
 [ 2.77555756e-17]]
Itr:4
Q:[[ 5.30317560e-01 -5.92877666e-02 -4.47738262e-01 -1.42243210e-01
   8.21565038e-19  8.78741524e-18  1.35669254e-17  2.89823721e-17]
 [-5.92877666e-02  5.30317560e-01  6.16592773e-02  9.26917554e-02
  -8.78741524e-18 -7.45792317e-17 -1.02473585e-17 -4.22328839e-17]
 [-4.47738262e-01  6.16592773e-02  5.30317560e-01  1.23318555e-01
  -1.35669254e-17  1.02473585e-17  3.99125177e-18  2.55462318e-17]
 [-1.42243210e-01  9.26917554e-02  1.23318555e-01  5.30317560e-01
  -2.89823721e-17  4.22328839e-17 -2.55462318e-17  2.08444373e-17]
 [-8.21565038e-19 -8.78741524e-18 -1.35669254e-17 -2.89823721e-17
   5.30317560e-01 -5.92877666e-02 -4.47738262e-01 -1.42243210e-01]
 [ 8.78741524e-18  7.45792317e-17  1.02473585e-17  4.22328839e-17
  -5.92877666e-02  5.30317560e-01  6.16592773e-02  9.26917554e-02]
 [ 1.35669254e-17 -1.02473585e-17 -3.99125177e-18 -2.55462318e-17
  -4.47738262e-01  6.16592773e-02  5.30317560e-01  1.23318555e-01]
 [ 2.89823721e-17 -4.22328839e-17  2.55462318e-17 -2.08444373e-17
  -1.42243210e-01  9.26917554e-02  1.23318555e-01  5.30317560e-01]]
r:[[-2.88657986e-17]
 [ 5.20000000e-01]
 [ 5.92877666e-02]
 [-1.44523476e-01]
 [ 0.00000000e+00]
 [ 5.77315973e-17]
 [ 2.77555756e-17]
 [ 5.77315973e-17]]
Itr:5
Q:[[ 5.30317560e-01 -5.92877666e-02 -4.47738262e-01 -1.42243210e-01
   5.89805982e-17  8.21565038e-19  8.78741524e-18  1.35669254e-17
   2.89823721e-17  5.82867088e-18]
 [-5.92877666e-02  5.30317560e-01  6.16592773e-02  9.26917554e-02
   9.56179580e-17 -8.78741524e-18 -7.45792317e-17 -1.02473585e-17
  -4.22328839e-17 -4.44089210e-18]
 [-4.47738262e-01  6.16592773e-02  5.30317560e-01  1.23318555e-01
   4.51028104e-17 -1.35669254e-17  1.02473585e-17  3.99125177e-18
   2.55462318e-17 -7.06823489e-17]
 [-1.42243210e-01  9.26917554e-02  1.23318555e-01  5.30317560e-01
   1.77497885e-01 -2.89823721e-17  4.22328839e-17 -2.55462318e-17
   2.08444373e-17  5.32851541e-17]
 [ 5.89805982e-17  9.56179580e-17  4.51028104e-17  1.77497885e-01
   5.30317560e-01 -5.82867088e-18  4.44089210e-18  7.06823489e-17
  -5.32851541e-17 -1.37334588e-17]
 [-8.21565038e-19 -8.78741524e-18 -1.35669254e-17 -2.89823721e-17
  -5.82867088e-18  5.30317560e-01 -5.92877666e-02 -4.47738262e-01
  -1.42243210e-01  5.89805982e-17]
 [ 8.78741524e-18  7.45792317e-17  1.02473585e-17  4.22328839e-17
   4.44089210e-18 -5.92877666e-02  5.30317560e-01  6.16592773e-02
   9.26917554e-02  9.56179580e-17]
 [ 1.35669254e-17 -1.02473585e-17 -3.99125177e-18 -2.55462318e-17
   7.06823489e-17 -4.47738262e-01  6.16592773e-02  5.30317560e-01
   1.23318555e-01  4.51028104e-17]
 [ 2.89823721e-17 -4.22328839e-17  2.55462318e-17 -2.08444373e-17
  -5.32851541e-17 -1.42243210e-01  9.26917554e-02  1.23318555e-01
   5.30317560e-01  1.77497885e-01]
 [ 5.82867088e-18 -4.44089210e-18 -7.06823489e-17  5.32851541e-17
   1.37334588e-17  5.89805982e-17  9.56179580e-17  4.51028104e-17
   1.77497885e-01  5.30317560e-01]]
r:[[-2.88657986e-17]
 [ 5.20000000e-01]
 [ 5.92877666e-02]
 [-1.44523476e-01]
 [ 8.53355215e-02]
 [ 0.00000000e+00]
 [ 5.77315973e-17]
 [ 2.77555756e-17]
 [ 5.77315973e-17]
 [-2.77555756e-17]]
Itr:6
Q:[[ 5.30317560e-01 -5.92877666e-02 -4.47738262e-01 -1.42243210e-01
   5.89805982e-17 -1.50531860e-01  8.21565038e-19  8.78741524e-18
   1.35669254e-17  2.89823721e-17  5.82867088e-18 -4.17998969e-18]
 [-5.92877666e-02  5.30317560e-01  6.16592773e-02  9.26917554e-02
   9.56179580e-17  5.68434189e-18 -8.78741524e-18 -7.45792317e-17
  -1.02473585e-17 -4.22328839e-17 -4.44089210e-18 -3.47832874e-17]
 [-4.47738262e-01  6.16592773e-02  5.30317560e-01  1.23318555e-01
   4.51028104e-17  1.77497885e-01 -1.35669254e-17  1.02473585e-17
   3.99125177e-18  2.55462318e-17 -7.06823489e-17  2.55462318e-17]
 [-1.42243210e-01  9.26917554e-02  1.23318555e-01  5.30317560e-01
   1.77497885e-01  1.00486286e-16 -2.89823721e-17  4.22328839e-17
  -2.55462318e-17  2.08444373e-17  5.32851541e-17 -2.96151992e-17]
 [ 5.89805982e-17  9.56179580e-17  4.51028104e-17  1.77497885e-01
   5.30317560e-01 -1.23318555e-01 -5.82867088e-18  4.44089210e-18
   7.06823489e-17 -5.32851541e-17 -1.37334588e-17  3.60822483e-18]
 [-1.50531860e-01  5.68434189e-18  1.77497885e-01  1.00486286e-16
  -1.23318555e-01  5.30317560e-01  4.17998969e-18  3.47832874e-17
  -2.55462318e-17  2.96151992e-17 -3.60822483e-18 -3.89688282e-18]
 [-8.21565038e-19 -8.78741524e-18 -1.35669254e-17 -2.89823721e-17
  -5.82867088e-18  4.17998969e-18  5.30317560e-01 -5.92877666e-02
  -4.47738262e-01 -1.42243210e-01  5.89805982e-17 -1.50531860e-01]
 [ 8.78741524e-18  7.45792317e-17  1.02473585e-17  4.22328839e-17
   4.44089210e-18  3.47832874e-17 -5.92877666e-02  5.30317560e-01
   6.16592773e-02  9.26917554e-02  9.56179580e-17  5.68434189e-18]
 [ 1.35669254e-17 -1.02473585e-17 -3.99125177e-18 -2.55462318e-17
   7.06823489e-17 -2.55462318e-17 -4.47738262e-01  6.16592773e-02
   5.30317560e-01  1.23318555e-01  4.51028104e-17  1.77497885e-01]
 [ 2.89823721e-17 -4.22328839e-17  2.55462318e-17 -2.08444373e-17
  -5.32851541e-17  2.96151992e-17 -1.42243210e-01  9.26917554e-02
   1.23318555e-01  5.30317560e-01  1.77497885e-01  1.00486286e-16]
 [ 5.82867088e-18 -4.44089210e-18 -7.06823489e-17  5.32851541e-17
   1.37334588e-17 -3.60822483e-18  5.89805982e-17  9.56179580e-17
   4.51028104e-17  1.77497885e-01  5.30317560e-01 -1.23318555e-01]
 [-4.17998969e-18 -3.47832874e-17  2.55462318e-17 -2.96151992e-17
   3.60822483e-18  3.89688282e-18 -1.50531860e-01  5.68434189e-18
   1.77497885e-01  1.00486286e-16 -1.23318555e-01  5.30317560e-01]]
r:[[-2.88657986e-17]
 [ 5.20000000e-01]
 [ 5.92877666e-02]
 [-1.44523476e-01]
 [ 8.53355215e-02]
 [ 0.00000000e+00]
 [ 0.00000000e+00]
 [ 5.77315973e-17]
 [ 2.77555756e-17]
 [ 5.77315973e-17]
 [-2.77555756e-17]
 [ 1.44328993e-17]]
Itr:7
Q:[[ 5.30317560e-01 -5.92877666e-02 -4.47738262e-01 -1.42243210e-01
   5.89805982e-17 -1.50531860e-01 -7.49400542e-17  8.21565038e-19
   8.78741524e-18  1.35669254e-17  2.89823721e-17  5.82867088e-18
  -4.17998969e-18  4.02455846e-18]
 [-5.92877666e-02  5.30317560e-01  6.16592773e-02  9.26917554e-02
   9.56179580e-17  5.68434189e-18  4.51028104e-17 -8.78741524e-18
  -7.45792317e-17 -1.02473585e-17 -4.22328839e-17 -4.44089210e-18
  -3.47832874e-17 -8.47932835e-17]
 [-4.47738262e-01  6.16592773e-02  5.30317560e-01  1.23318555e-01
   4.51028104e-17  1.77497885e-01  3.14692716e-17 -1.35669254e-17
   1.02473585e-17  3.99125177e-18  2.55462318e-17 -7.06823489e-17
   2.55462318e-17  7.39186490e-17]
 [-1.42243210e-01  9.26917554e-02  1.23318555e-01  5.30317560e-01
   1.77497885e-01  1.00486286e-16  1.77497885e-01 -2.89823721e-17
   4.22328839e-17 -2.55462318e-17  2.08444373e-17  5.32851541e-17
  -2.96151992e-17  2.47024623e-17]
 [ 5.89805982e-17  9.56179580e-17  4.51028104e-17  1.77497885e-01
   5.30317560e-01 -1.23318555e-01  5.30317560e-01 -5.82867088e-18
   4.44089210e-18  7.06823489e-17 -5.32851541e-17 -1.37334588e-17
   3.60822483e-18 -4.41258141e-17]
 [-1.50531860e-01  5.68434189e-18  1.77497885e-01  1.00486286e-16
  -1.23318555e-01  5.30317560e-01 -1.23318555e-01  4.17998969e-18
   3.47832874e-17 -2.55462318e-17  2.96151992e-17 -3.60822483e-18
  -3.89688282e-18 -8.86790641e-17]
 [-7.49400542e-17  4.51028104e-17  3.14692716e-17  1.77497885e-01
   5.30317560e-01 -1.23318555e-01  5.30317560e-01 -4.02455846e-18
   8.47932835e-17 -7.39186490e-17 -2.47024623e-17  4.41258141e-17
   8.86790641e-17 -2.58459920e-17]
 [-8.21565038e-19 -8.78741524e-18 -1.35669254e-17 -2.89823721e-17
  -5.82867088e-18  4.17998969e-18 -4.02455846e-18  5.30317560e-01
  -5.92877666e-02 -4.47738262e-01 -1.42243210e-01  5.89805982e-17
  -1.50531860e-01 -7.49400542e-17]
 [ 8.78741524e-18  7.45792317e-17  1.02473585e-17  4.22328839e-17
   4.44089210e-18  3.47832874e-17  8.47932835e-17 -5.92877666e-02
   5.30317560e-01  6.16592773e-02  9.26917554e-02  9.56179580e-17
   5.68434189e-18  4.51028104e-17]
 [ 1.35669254e-17 -1.02473585e-17 -3.99125177e-18 -2.55462318e-17
   7.06823489e-17 -2.55462318e-17 -7.39186490e-17 -4.47738262e-01
   6.16592773e-02  5.30317560e-01  1.23318555e-01  4.51028104e-17
   1.77497885e-01  3.14692716e-17]
 [ 2.89823721e-17 -4.22328839e-17  2.55462318e-17 -2.08444373e-17
  -5.32851541e-17  2.96151992e-17 -2.47024623e-17 -1.42243210e-01
   9.26917554e-02  1.23318555e-01  5.30317560e-01  1.77497885e-01
   1.00486286e-16  1.77497885e-01]
 [ 5.82867088e-18 -4.44089210e-18 -7.06823489e-17  5.32851541e-17
   1.37334588e-17 -3.60822483e-18  4.41258141e-17  5.89805982e-17
   9.56179580e-17  4.51028104e-17  1.77497885e-01  5.30317560e-01
  -1.23318555e-01  5.30317560e-01]
 [-4.17998969e-18 -3.47832874e-17  2.55462318e-17 -2.96151992e-17
   3.60822483e-18  3.89688282e-18  8.86790641e-17 -1.50531860e-01
   5.68434189e-18  1.77497885e-01  1.00486286e-16 -1.23318555e-01
   5.30317560e-01 -1.23318555e-01]
 [ 4.02455846e-18 -8.47932835e-17  7.39186490e-17  2.47024623e-17
  -4.41258141e-17 -8.86790641e-17  2.58459920e-17 -7.49400542e-17
   4.51028104e-17  3.14692716e-17  1.77497885e-01  5.30317560e-01
  -1.23318555e-01  5.30317560e-01]]
r:[[-2.88657986e-17]
 [ 5.20000000e-01]
 [ 5.92877666e-02]
 [-1.44523476e-01]
 [ 8.53355215e-02]
 [ 0.00000000e+00]
 [ 8.53355215e-02]
 [ 0.00000000e+00]
 [ 5.77315973e-17]
 [ 2.77555756e-17]
 [ 5.77315973e-17]
 [-2.77555756e-17]
 [ 1.44328993e-17]
 [-4.27435864e-17]]
Itr:8
Q:[[ 5.30317560e-01 -5.92877666e-02 -4.47738262e-01 -1.42243210e-01
   5.89805982e-17 -1.50531860e-01 -7.49400542e-17  1.17961196e-16
   8.21565038e-19  8.78741524e-18  1.35669254e-17  2.89823721e-17
   5.82867088e-18 -4.17998969e-18  4.02455846e-18 -1.73805415e-17]
 [-5.92877666e-02  5.30317560e-01  6.16592773e-02  9.26917554e-02
   9.56179580e-17  5.68434189e-18  4.51028104e-17 -2.72004641e-17
  -8.78741524e-18 -7.45792317e-17 -1.02473585e-17 -4.22328839e-17
  -4.44089210e-18 -3.47832874e-17 -8.47932835e-17 -1.59872116e-18]
 [-4.47738262e-01  6.16592773e-02  5.30317560e-01  1.23318555e-01
   4.51028104e-17  1.77497885e-01  3.14692716e-17 -4.19109192e-17
  -1.35669254e-17  1.02473585e-17  3.99125177e-18  2.55462318e-17
  -7.06823489e-17  2.55462318e-17  7.39186490e-17 -4.88553642e-17]
 [-1.42243210e-01  9.26917554e-02  1.23318555e-01  5.30317560e-01
   1.77497885e-01  1.00486286e-16  1.77497885e-01  2.78110868e-18
  -2.89823721e-17  4.22328839e-17 -2.55462318e-17  2.08444373e-17
   5.32851541e-17 -2.96151992e-17  2.47024623e-17 -1.32671651e-18]
 [ 5.89805982e-17  9.56179580e-17  4.51028104e-17  1.77497885e-01
   5.30317560e-01 -1.23318555e-01  5.30317560e-01  6.16592773e-02
  -5.82867088e-18  4.44089210e-18  7.06823489e-17 -5.32851541e-17
  -1.37334588e-17  3.60822483e-18 -4.41258141e-17  2.16493490e-17]
 [-1.50531860e-01  5.68434189e-18  1.77497885e-01  1.00486286e-16
  -1.23318555e-01  5.30317560e-01 -1.23318555e-01 -9.26917554e-02
   4.17998969e-18  3.47832874e-17 -2.55462318e-17  2.96151992e-17
  -3.60822483e-18 -3.89688282e-18 -8.86790641e-17  7.87314658e-17]
 [-7.49400542e-17  4.51028104e-17  3.14692716e-17  1.77497885e-01
   5.30317560e-01 -1.23318555e-01  5.30317560e-01  6.16592773e-02
  -4.02455846e-18  8.47932835e-17 -7.39186490e-17 -2.47024623e-17
   4.41258141e-17  8.86790641e-17 -2.58459920e-17  7.21644966e-18]
 [ 1.17961196e-16 -2.72004641e-17 -4.19109192e-17  2.78110868e-18
   6.16592773e-02 -9.26917554e-02  6.16592773e-02  5.30317560e-01
   1.73805415e-17  1.59872116e-18  4.88553642e-17  1.32671651e-18
  -2.16493490e-17 -7.87314658e-17 -7.21644966e-18 -5.75317571e-17]
 [-8.21565038e-19 -8.78741524e-18 -1.35669254e-17 -2.89823721e-17
  -5.82867088e-18  4.17998969e-18 -4.02455846e-18  1.73805415e-17
   5.30317560e-01 -5.92877666e-02 -4.47738262e-01 -1.42243210e-01
   5.89805982e-17 -1.50531860e-01 -7.49400542e-17  1.17961196e-16]
 [ 8.78741524e-18  7.45792317e-17  1.02473585e-17  4.22328839e-17
   4.44089210e-18  3.47832874e-17  8.47932835e-17  1.59872116e-18
  -5.92877666e-02  5.30317560e-01  6.16592773e-02  9.26917554e-02
   9.56179580e-17  5.68434189e-18  4.51028104e-17 -2.72004641e-17]
 [ 1.35669254e-17 -1.02473585e-17 -3.99125177e-18 -2.55462318e-17
   7.06823489e-17 -2.55462318e-17 -7.39186490e-17  4.88553642e-17
  -4.47738262e-01  6.16592773e-02  5.30317560e-01  1.23318555e-01
   4.51028104e-17  1.77497885e-01  3.14692716e-17 -4.19109192e-17]
 [ 2.89823721e-17 -4.22328839e-17  2.55462318e-17 -2.08444373e-17
  -5.32851541e-17  2.96151992e-17 -2.47024623e-17  1.32671651e-18
  -1.42243210e-01  9.26917554e-02  1.23318555e-01  5.30317560e-01
   1.77497885e-01  1.00486286e-16  1.77497885e-01  2.78110868e-18]
 [ 5.82867088e-18 -4.44089210e-18 -7.06823489e-17  5.32851541e-17
   1.37334588e-17 -3.60822483e-18  4.41258141e-17 -2.16493490e-17
   5.89805982e-17  9.56179580e-17  4.51028104e-17  1.77497885e-01
   5.30317560e-01 -1.23318555e-01  5.30317560e-01  6.16592773e-02]
 [-4.17998969e-18 -3.47832874e-17  2.55462318e-17 -2.96151992e-17
   3.60822483e-18  3.89688282e-18  8.86790641e-17 -7.87314658e-17
  -1.50531860e-01  5.68434189e-18  1.77497885e-01  1.00486286e-16
  -1.23318555e-01  5.30317560e-01 -1.23318555e-01 -9.26917554e-02]
 [ 4.02455846e-18 -8.47932835e-17  7.39186490e-17  2.47024623e-17
  -4.41258141e-17 -8.86790641e-17  2.58459920e-17 -7.21644966e-18
  -7.49400542e-17  4.51028104e-17  3.14692716e-17  1.77497885e-01
   5.30317560e-01 -1.23318555e-01  5.30317560e-01  6.16592773e-02]
 [-1.73805415e-17 -1.59872116e-18 -4.88553642e-17 -1.32671651e-18
   2.16493490e-17  7.87314658e-17  7.21644966e-18  5.75317571e-17
   1.17961196e-16 -2.72004641e-17 -4.19109192e-17  2.78110868e-18
   6.16592773e-02 -9.26917554e-02  6.16592773e-02  5.30317560e-01]]
r:[[-2.88657986e-17]
 [ 5.20000000e-01]
 [ 5.92877666e-02]
 [-1.44523476e-01]
 [ 8.53355215e-02]
 [ 0.00000000e+00]
 [ 8.53355215e-02]
 [ 2.88657986e-17]
 [ 0.00000000e+00]
 [ 5.77315973e-17]
 [ 2.77555756e-17]
 [ 5.77315973e-17]
 [-2.77555756e-17]
 [ 1.44328993e-17]
 [-4.27435864e-17]
 [ 0.00000000e+00]]
Itr:9
Q:[[ 5.30317560e-01 -5.92877666e-02 -4.47738262e-01 -1.42243210e-01
   5.89805982e-17 -1.50531860e-01 -7.49400542e-17  1.17961196e-16
   2.98094882e-17  8.21565038e-19  8.78741524e-18  1.35669254e-17
   2.89823721e-17  5.82867088e-18 -4.17998969e-18  4.02455846e-18
  -1.73805415e-17 -1.11077814e-17]
 [-5.92877666e-02  5.30317560e-01  6.16592773e-02  9.26917554e-02
   9.56179580e-17  5.68434189e-18  4.51028104e-17 -2.72004641e-17
   8.32667268e-17 -8.78741524e-18 -7.45792317e-17 -1.02473585e-17
  -4.22328839e-17 -4.44089210e-18 -3.47832874e-17 -8.47932835e-17
  -1.59872116e-18  6.12399020e-17]
 [-4.47738262e-01  6.16592773e-02  5.30317560e-01  1.23318555e-01
   4.51028104e-17  1.77497885e-01  3.14692716e-17 -4.19109192e-17
   5.13089571e-17 -1.35669254e-17  1.02473585e-17  3.99125177e-18
   2.55462318e-17 -7.06823489e-17  2.55462318e-17  7.39186490e-17
  -4.88553642e-17 -3.53606033e-17]
 [-1.42243210e-01  9.26917554e-02  1.23318555e-01  5.30317560e-01
   1.77497885e-01  1.00486286e-16  1.77497885e-01  2.78110868e-18
  -1.50531860e-01 -2.89823721e-17  4.22328839e-17 -2.55462318e-17
   2.08444373e-17  5.32851541e-17 -2.96151992e-17  2.47024623e-17
  -1.32671651e-18  4.66626737e-17]
 [ 5.89805982e-17  9.56179580e-17  4.51028104e-17  1.77497885e-01
   5.30317560e-01 -1.23318555e-01  5.30317560e-01  6.16592773e-02
  -4.47738262e-01 -5.82867088e-18  4.44089210e-18  7.06823489e-17
  -5.32851541e-17 -1.37334588e-17  3.60822483e-18 -4.41258141e-17
   2.16493490e-17  3.89688282e-18]
 [-1.50531860e-01  5.68434189e-18  1.77497885e-01  1.00486286e-16
  -1.23318555e-01  5.30317560e-01 -1.23318555e-01 -9.26917554e-02
   1.42243210e-01  4.17998969e-18  3.47832874e-17 -2.55462318e-17
   2.96151992e-17 -3.60822483e-18 -3.89688282e-18 -8.86790641e-17
   7.87314658e-17  6.04793993e-17]
 [-7.49400542e-17  4.51028104e-17  3.14692716e-17  1.77497885e-01
   5.30317560e-01 -1.23318555e-01  5.30317560e-01  6.16592773e-02
  -4.47738262e-01 -4.02455846e-18  8.47932835e-17 -7.39186490e-17
  -2.47024623e-17  4.41258141e-17  8.86790641e-17 -2.58459920e-17
   7.21644966e-18 -8.37108161e-18]
 [ 1.17961196e-16 -2.72004641e-17 -4.19109192e-17  2.78110868e-18
   6.16592773e-02 -9.26917554e-02  6.16592773e-02  5.30317560e-01
  -5.92877666e-02  1.73805415e-17  1.59872116e-18  4.88553642e-17
   1.32671651e-18 -2.16493490e-17 -7.87314658e-17 -7.21644966e-18
  -5.75317571e-17  3.58602037e-17]
 [ 2.98094882e-17  8.32667268e-17  5.13089571e-17 -1.50531860e-01
  -4.47738262e-01  1.42243210e-01 -4.47738262e-01 -5.92877666e-02
   5.30317560e-01  1.11077814e-17 -6.12399020e-17  3.53606033e-17
  -4.66626737e-17 -3.89688282e-18 -6.04793993e-17  8.37108161e-18
  -3.58602037e-17 -8.25450819e-17]
 [-8.21565038e-19 -8.78741524e-18 -1.35669254e-17 -2.89823721e-17
  -5.82867088e-18  4.17998969e-18 -4.02455846e-18  1.73805415e-17
   1.11077814e-17  5.30317560e-01 -5.92877666e-02 -4.47738262e-01
  -1.42243210e-01  5.89805982e-17 -1.50531860e-01 -7.49400542e-17
   1.17961196e-16  2.98094882e-17]
 [ 8.78741524e-18  7.45792317e-17  1.02473585e-17  4.22328839e-17
   4.44089210e-18  3.47832874e-17  8.47932835e-17  1.59872116e-18
  -6.12399020e-17 -5.92877666e-02  5.30317560e-01  6.16592773e-02
   9.26917554e-02  9.56179580e-17  5.68434189e-18  4.51028104e-17
  -2.72004641e-17  8.32667268e-17]
 [ 1.35669254e-17 -1.02473585e-17 -3.99125177e-18 -2.55462318e-17
   7.06823489e-17 -2.55462318e-17 -7.39186490e-17  4.88553642e-17
   3.53606033e-17 -4.47738262e-01  6.16592773e-02  5.30317560e-01
   1.23318555e-01  4.51028104e-17  1.77497885e-01  3.14692716e-17
  -4.19109192e-17  5.13089571e-17]
 [ 2.89823721e-17 -4.22328839e-17  2.55462318e-17 -2.08444373e-17
  -5.32851541e-17  2.96151992e-17 -2.47024623e-17  1.32671651e-18
  -4.66626737e-17 -1.42243210e-01  9.26917554e-02  1.23318555e-01
   5.30317560e-01  1.77497885e-01  1.00486286e-16  1.77497885e-01
   2.78110868e-18 -1.50531860e-01]
 [ 5.82867088e-18 -4.44089210e-18 -7.06823489e-17  5.32851541e-17
   1.37334588e-17 -3.60822483e-18  4.41258141e-17 -2.16493490e-17
  -3.89688282e-18  5.89805982e-17  9.56179580e-17  4.51028104e-17
   1.77497885e-01  5.30317560e-01 -1.23318555e-01  5.30317560e-01
   6.16592773e-02 -4.47738262e-01]
 [-4.17998969e-18 -3.47832874e-17  2.55462318e-17 -2.96151992e-17
   3.60822483e-18  3.89688282e-18  8.86790641e-17 -7.87314658e-17
  -6.04793993e-17 -1.50531860e-01  5.68434189e-18  1.77497885e-01
   1.00486286e-16 -1.23318555e-01  5.30317560e-01 -1.23318555e-01
  -9.26917554e-02  1.42243210e-01]
 [ 4.02455846e-18 -8.47932835e-17  7.39186490e-17  2.47024623e-17
  -4.41258141e-17 -8.86790641e-17  2.58459920e-17 -7.21644966e-18
   8.37108161e-18 -7.49400542e-17  4.51028104e-17  3.14692716e-17
   1.77497885e-01  5.30317560e-01 -1.23318555e-01  5.30317560e-01
   6.16592773e-02 -4.47738262e-01]
 [-1.73805415e-17 -1.59872116e-18 -4.88553642e-17 -1.32671651e-18
   2.16493490e-17  7.87314658e-17  7.21644966e-18  5.75317571e-17
  -3.58602037e-17  1.17961196e-16 -2.72004641e-17 -4.19109192e-17
   2.78110868e-18  6.16592773e-02 -9.26917554e-02  6.16592773e-02
   5.30317560e-01 -5.92877666e-02]
 [-1.11077814e-17  6.12399020e-17 -3.53606033e-17  4.66626737e-17
   3.89688282e-18  6.04793993e-17 -8.37108161e-18  3.58602037e-17
   8.25450819e-17  2.98094882e-17  8.32667268e-17  5.13089571e-17
  -1.50531860e-01 -4.47738262e-01  1.42243210e-01 -4.47738262e-01
  -5.92877666e-02  5.30317560e-01]]
r:[[-2.88657986e-17]
 [ 5.20000000e-01]
 [ 5.92877666e-02]
 [-1.44523476e-01]
 [ 8.53355215e-02]
 [ 0.00000000e+00]
 [ 8.53355215e-02]
 [ 2.88657986e-17]
 [-3.60822483e-17]
 [ 0.00000000e+00]
 [ 5.77315973e-17]
 [ 2.77555756e-17]
 [ 5.77315973e-17]
 [-2.77555756e-17]
 [ 1.44328993e-17]
 [-4.27435864e-17]
 [ 0.00000000e+00]
 [-2.16493490e-17]]
Itr:10
Q:[[ 5.30317560e-01 -5.92877666e-02 -4.47738262e-01 -1.42243210e-01
   5.89805982e-17 -1.50531860e-01 -7.49400542e-17  1.17961196e-16
   2.98094882e-17  1.23318555e-01  8.21565038e-19  8.78741524e-18
   1.35669254e-17  2.89823721e-17  5.82867088e-18 -4.17998969e-18
   4.02455846e-18 -1.73805415e-17 -1.11077814e-17 -1.99062988e-17]
 [-5.92877666e-02  5.30317560e-01  6.16592773e-02  9.26917554e-02
   9.56179580e-17  5.68434189e-18  4.51028104e-17 -2.72004641e-17
   8.32667268e-17 -1.15476524e-01 -8.78741524e-18 -7.45792317e-17
  -1.02473585e-17 -4.22328839e-17 -4.44089210e-18 -3.47832874e-17
  -8.47932835e-17 -1.59872116e-18  6.12399020e-17 -1.64729341e-16]
 [-4.47738262e-01  6.16592773e-02  5.30317560e-01  1.23318555e-01
   4.51028104e-17  1.77497885e-01  3.14692716e-17 -4.19109192e-17
   5.13089571e-17 -1.42243210e-01 -1.35669254e-17  1.02473585e-17
   3.99125177e-18  2.55462318e-17 -7.06823489e-17  2.55462318e-17
   7.39186490e-17 -4.88553642e-17 -3.53606033e-17 -4.00623978e-17]
 [-1.42243210e-01  9.26917554e-02  1.23318555e-01  5.30317560e-01
   1.77497885e-01  1.00486286e-16  1.77497885e-01  2.78110868e-18
  -1.50531860e-01 -4.47738262e-01 -2.89823721e-17  4.22328839e-17
  -2.55462318e-17  2.08444373e-17  5.32851541e-17 -2.96151992e-17
   2.47024623e-17 -1.32671651e-18  4.66626737e-17 -7.30748795e-17]
 [ 5.89805982e-17  9.56179580e-17  4.51028104e-17  1.77497885e-01
   5.30317560e-01 -1.23318555e-01  5.30317560e-01  6.16592773e-02
  -4.47738262e-01 -1.50531860e-01 -5.82867088e-18  4.44089210e-18
   7.06823489e-17 -5.32851541e-17 -1.37334588e-17  3.60822483e-18
  -4.41258141e-17  2.16493490e-17  3.89688282e-18 -2.56017429e-17]
 [-1.50531860e-01  5.68434189e-18  1.77497885e-01  1.00486286e-16
  -1.23318555e-01  5.30317560e-01 -1.23318555e-01 -9.26917554e-02
   1.42243210e-01 -1.79023463e-17  4.17998969e-18  3.47832874e-17
  -2.55462318e-17  2.96151992e-17 -3.60822483e-18 -3.89688282e-18
  -8.86790641e-17  7.87314658e-17  6.04793993e-17 -2.31981101e-17]
 [-7.49400542e-17  4.51028104e-17  3.14692716e-17  1.77497885e-01
   5.30317560e-01 -1.23318555e-01  5.30317560e-01  6.16592773e-02
  -4.47738262e-01 -1.50531860e-01 -4.02455846e-18  8.47932835e-17
  -7.39186490e-17 -2.47024623e-17  4.41258141e-17  8.86790641e-17
  -2.58459920e-17  7.21644966e-18 -8.37108161e-18  1.11510801e-16]
 [ 1.17961196e-16 -2.72004641e-17 -4.19109192e-17  2.78110868e-18
   6.16592773e-02 -9.26917554e-02  6.16592773e-02  5.30317560e-01
  -5.92877666e-02 -5.99409411e-17  1.73805415e-17  1.59872116e-18
   4.88553642e-17  1.32671651e-18 -2.16493490e-17 -7.87314658e-17
  -7.21644966e-18 -5.75317571e-17  3.58602037e-17  1.67366121e-16]
 [ 2.98094882e-17  8.32667268e-17  5.13089571e-17 -1.50531860e-01
  -4.47738262e-01  1.42243210e-01 -4.47738262e-01 -5.92877666e-02
   5.30317560e-01  1.77497885e-01  1.11077814e-17 -6.12399020e-17
   3.53606033e-17 -4.66626737e-17 -3.89688282e-18 -6.04793993e-17
   8.37108161e-18 -3.58602037e-17 -8.25450819e-17 -8.22120150e-18]
 [ 1.23318555e-01 -1.15476524e-01 -1.42243210e-01 -4.47738262e-01
  -1.50531860e-01 -1.79023463e-17 -1.50531860e-01 -5.99409411e-17
   1.77497885e-01  5.30317560e-01  1.99062988e-17  1.64729341e-16
   4.00623978e-17  7.30748795e-17  2.56017429e-17  2.31981101e-17
  -1.11510801e-16 -1.67366121e-16  8.22120150e-18 -1.12804210e-16]
 [-8.21565038e-19 -8.78741524e-18 -1.35669254e-17 -2.89823721e-17
  -5.82867088e-18  4.17998969e-18 -4.02455846e-18  1.73805415e-17
   1.11077814e-17  1.99062988e-17  5.30317560e-01 -5.92877666e-02
  -4.47738262e-01 -1.42243210e-01  5.89805982e-17 -1.50531860e-01
  -7.49400542e-17  1.17961196e-16  2.98094882e-17  1.23318555e-01]
 [ 8.78741524e-18  7.45792317e-17  1.02473585e-17  4.22328839e-17
   4.44089210e-18  3.47832874e-17  8.47932835e-17  1.59872116e-18
  -6.12399020e-17  1.64729341e-16 -5.92877666e-02  5.30317560e-01
   6.16592773e-02  9.26917554e-02  9.56179580e-17  5.68434189e-18
   4.51028104e-17 -2.72004641e-17  8.32667268e-17 -1.15476524e-01]
 [ 1.35669254e-17 -1.02473585e-17 -3.99125177e-18 -2.55462318e-17
   7.06823489e-17 -2.55462318e-17 -7.39186490e-17  4.88553642e-17
   3.53606033e-17  4.00623978e-17 -4.47738262e-01  6.16592773e-02
   5.30317560e-01  1.23318555e-01  4.51028104e-17  1.77497885e-01
   3.14692716e-17 -4.19109192e-17  5.13089571e-17 -1.42243210e-01]
 [ 2.89823721e-17 -4.22328839e-17  2.55462318e-17 -2.08444373e-17
  -5.32851541e-17  2.96151992e-17 -2.47024623e-17  1.32671651e-18
  -4.66626737e-17  7.30748795e-17 -1.42243210e-01  9.26917554e-02
   1.23318555e-01  5.30317560e-01  1.77497885e-01  1.00486286e-16
   1.77497885e-01  2.78110868e-18 -1.50531860e-01 -4.47738262e-01]
 [ 5.82867088e-18 -4.44089210e-18 -7.06823489e-17  5.32851541e-17
   1.37334588e-17 -3.60822483e-18  4.41258141e-17 -2.16493490e-17
  -3.89688282e-18  2.56017429e-17  5.89805982e-17  9.56179580e-17
   4.51028104e-17  1.77497885e-01  5.30317560e-01 -1.23318555e-01
   5.30317560e-01  6.16592773e-02 -4.47738262e-01 -1.50531860e-01]
 [-4.17998969e-18 -3.47832874e-17  2.55462318e-17 -2.96151992e-17
   3.60822483e-18  3.89688282e-18  8.86790641e-17 -7.87314658e-17
  -6.04793993e-17  2.31981101e-17 -1.50531860e-01  5.68434189e-18
   1.77497885e-01  1.00486286e-16 -1.23318555e-01  5.30317560e-01
  -1.23318555e-01 -9.26917554e-02  1.42243210e-01 -1.79023463e-17]
 [ 4.02455846e-18 -8.47932835e-17  7.39186490e-17  2.47024623e-17
  -4.41258141e-17 -8.86790641e-17  2.58459920e-17 -7.21644966e-18
   8.37108161e-18 -1.11510801e-16 -7.49400542e-17  4.51028104e-17
   3.14692716e-17  1.77497885e-01  5.30317560e-01 -1.23318555e-01
   5.30317560e-01  6.16592773e-02 -4.47738262e-01 -1.50531860e-01]
 [-1.73805415e-17 -1.59872116e-18 -4.88553642e-17 -1.32671651e-18
   2.16493490e-17  7.87314658e-17  7.21644966e-18  5.75317571e-17
  -3.58602037e-17 -1.67366121e-16  1.17961196e-16 -2.72004641e-17
  -4.19109192e-17  2.78110868e-18  6.16592773e-02 -9.26917554e-02
   6.16592773e-02  5.30317560e-01 -5.92877666e-02 -5.99409411e-17]
 [-1.11077814e-17  6.12399020e-17 -3.53606033e-17  4.66626737e-17
   3.89688282e-18  6.04793993e-17 -8.37108161e-18  3.58602037e-17
   8.25450819e-17  8.22120150e-18  2.98094882e-17  8.32667268e-17
   5.13089571e-17 -1.50531860e-01 -4.47738262e-01  1.42243210e-01
  -4.47738262e-01 -5.92877666e-02  5.30317560e-01  1.77497885e-01]
 [-1.99062988e-17 -1.64729341e-16 -4.00623978e-17 -7.30748795e-17
  -2.56017429e-17 -2.31981101e-17  1.11510801e-16  1.67366121e-16
  -8.22120150e-18  1.12804210e-16  1.23318555e-01 -1.15476524e-01
  -1.42243210e-01 -4.47738262e-01 -1.50531860e-01 -1.79023463e-17
  -1.50531860e-01 -5.99409411e-17  1.77497885e-01  5.30317560e-01]]
r:[[-2.88657986e-17]
 [ 5.20000000e-01]
 [ 5.92877666e-02]
 [-1.44523476e-01]
 [ 8.53355215e-02]
 [ 0.00000000e+00]
 [ 8.53355215e-02]
 [ 2.88657986e-17]
 [-3.60822483e-17]
 [-1.11035120e-01]
 [ 0.00000000e+00]
 [ 5.77315973e-17]
 [ 2.77555756e-17]
 [ 5.77315973e-17]
 [-2.77555756e-17]
 [ 1.44328993e-17]
 [-4.27435864e-17]
 [ 0.00000000e+00]
 [-2.16493490e-17]
 [ 1.38777878e-17]]
Iterations are:[1, 2, 3, 4, 5, 6, 7, 8, 9, 10]
Losses are:[1.0, 0.48366341277964275, 0.4686571974135807, 0.36686293358622424, 0.30686125441865175, 0.3057351293387941, 0.3057351293389128, 0.3050832194557016, 0.2724756036041429, 7.95071517911694e-06]
