qubit number is:6
term number is:6
condition number is:3.3424038887023926
Pauli strings are:[['X', 'I', 'X', 'X', 'Y', 'Z'], ['I', 'Y', 'X', 'X', 'Z', 'X'], ['X', 'I', 'Y', 'Y', 'Y', 'X'], ['Z', 'Y', 'X', 'X', 'Z', 'I'], ['I', 'X', 'Z', 'Z', 'Z', 'I'], ['Y', 'Y', 'Z', 'Z', 'X', 'Y']]
Coefficients of the terms are:[ 1.63 -1.32  0.04  0.25  1.47  1.22]
Itr:1
Q:[[ 8.08192014e+00 -4.75752771e-16]
 [ 4.75752771e-16  8.08192014e+00]]
r:[[-3.06860132e-02]
 [-2.22044605e-18]]
Itr:2
Q:[[ 8.08192014e+00 -1.61552588e+00 -4.75752771e-16  6.89197310e-16]
 [-1.61552588e+00  8.08192014e+00 -6.89197310e-16 -1.40040757e-15]
 [ 4.75752771e-16 -6.89197310e-16  8.08192014e+00 -1.61552588e+00]
 [ 6.89197310e-16  1.40040757e-15 -1.61552588e+00  8.08192014e+00]]
r:[[-3.06860132e-02]
 [ 1.65487388e+00]
 [-2.22044605e-18]
 [ 1.16991856e-02]]
Itr:3
Q:[[ 8.08192014e+00 -1.61552588e+00 -4.37712113e+00 -4.75752771e-16
   6.89197310e-16 -7.97328870e-16]
 [-1.61552588e+00  8.08192014e+00 -8.01635721e-02 -6.89197310e-16
  -1.40040757e-15 -9.62585567e-16]
 [-4.37712113e+00 -8.01635721e-02  8.08192014e+00  7.97328870e-16
   9.62585567e-16 -1.63494218e-15]
 [ 4.75752771e-16 -6.89197310e-16  7.97328870e-16  8.08192014e+00
  -1.61552588e+00 -4.37712113e+00]
 [ 6.89197310e-16  1.40040757e-15  9.62585567e-16 -1.61552588e+00
   8.08192014e+00 -8.01635721e-02]
 [-7.97328870e-16 -9.62585567e-16  1.63494218e-15 -4.37712113e+00
  -8.01635721e-02  8.08192014e+00]]
r:[[-3.06860132e-02]
 [ 1.65487388e+00]
 [-6.56275922e-02]
 [-2.22044605e-18]
 [ 1.16991856e-02]
 [ 9.47715524e-01]]
Itr:4
Q:[[ 8.08192014e+00 -1.61552588e+00 -4.37712113e+00 -8.01635721e-02
  -4.75752771e-16  6.89197310e-16 -7.97328870e-16 -2.81614732e-15]
 [-1.61552588e+00  8.08192014e+00 -8.01635721e-02 -4.37712113e+00
  -6.89197310e-16 -1.40040757e-15 -9.62585567e-16  2.48412402e-15]
 [-4.37712113e+00 -8.01635721e-02  8.08192014e+00 -1.61552588e+00
   7.97328870e-16  9.62585567e-16 -1.63494218e-15  3.12410237e-15]
 [-8.01635721e-02 -4.37712113e+00 -1.61552588e+00  8.08192014e+00
   2.81614732e-15 -2.48412402e-15 -3.12410237e-15  7.38370476e-16]
 [ 4.75752771e-16 -6.89197310e-16  7.97328870e-16  2.81614732e-15
   8.08192014e+00 -1.61552588e+00 -4.37712113e+00 -8.01635721e-02]
 [ 6.89197310e-16  1.40040757e-15  9.62585567e-16 -2.48412402e-15
  -1.61552588e+00  8.08192014e+00 -8.01635721e-02 -4.37712113e+00]
 [-7.97328870e-16 -9.62585567e-16  1.63494218e-15 -3.12410237e-15
  -4.37712113e+00 -8.01635721e-02  8.08192014e+00 -1.61552588e+00]
 [-2.81614732e-15  2.48412402e-15  3.12410237e-15 -7.38370476e-16
  -8.01635721e-02 -4.37712113e+00 -1.61552588e+00  8.08192014e+00]]
r:[[-3.06860132e-02]
 [ 1.65487388e+00]
 [-6.56275922e-02]
 [-1.32000000e+00]
 [-2.22044605e-18]
 [ 1.16991856e-02]
 [ 9.47715524e-01]
 [-5.79020965e-01]]
Itr:5
Q:[[ 8.08192014e+00 -1.61552588e+00 -4.37712113e+00 -8.01635721e-02
   8.08192014e+00 -4.75752771e-16  6.89197310e-16 -7.97328870e-16
  -2.81614732e-15  2.69182454e-15]
 [-1.61552588e+00  8.08192014e+00 -8.01635721e-02 -4.37712113e+00
  -1.61552588e+00 -6.89197310e-16 -1.40040757e-15 -9.62585567e-16
   2.48412402e-15  1.19935312e-15]
 [-4.37712113e+00 -8.01635721e-02  8.08192014e+00 -1.61552588e+00
  -4.37712113e+00  7.97328870e-16  9.62585567e-16 -1.63494218e-15
   3.12410237e-15  6.24500451e-16]
 [-8.01635721e-02 -4.37712113e+00 -1.61552588e+00  8.08192014e+00
  -8.01635721e-02  2.81614732e-15 -2.48412402e-15 -3.12410237e-15
   7.38370476e-16  2.43047804e-15]
 [ 8.08192014e+00 -1.61552588e+00 -4.37712113e+00 -8.01635721e-02
   8.08192014e+00 -2.69182454e-15 -1.19935312e-15 -6.24500451e-16
  -2.43047804e-15  1.58914548e-15]
 [ 4.75752771e-16 -6.89197310e-16  7.97328870e-16  2.81614732e-15
  -2.69182454e-15  8.08192014e+00 -1.61552588e+00 -4.37712113e+00
  -8.01635721e-02  8.08192014e+00]
 [ 6.89197310e-16  1.40040757e-15  9.62585567e-16 -2.48412402e-15
  -1.19935312e-15 -1.61552588e+00  8.08192014e+00 -8.01635721e-02
  -4.37712113e+00 -1.61552588e+00]
 [-7.97328870e-16 -9.62585567e-16  1.63494218e-15 -3.12410237e-15
  -6.24500451e-16 -4.37712113e+00 -8.01635721e-02  8.08192014e+00
  -1.61552588e+00 -4.37712113e+00]
 [-2.81614732e-15  2.48412402e-15  3.12410237e-15 -7.38370476e-16
  -2.43047804e-15 -8.01635721e-02 -4.37712113e+00 -1.61552588e+00
   8.08192014e+00 -8.01635721e-02]
 [ 2.69182454e-15  1.19935312e-15  6.24500451e-16  2.43047804e-15
  -1.58914548e-15  8.08192014e+00 -1.61552588e+00 -4.37712113e+00
  -8.01635721e-02  8.08192014e+00]]
r:[[-3.06860132e-02]
 [ 1.65487388e+00]
 [-6.56275922e-02]
 [-1.32000000e+00]
 [-3.06860132e-02]
 [-2.22044605e-18]
 [ 1.16991856e-02]
 [ 9.47715524e-01]
 [-5.79020965e-01]
 [-5.21804822e-17]]
Itr:6
Q:[[ 8.08192014e+00 -1.61552588e+00 -4.37712113e+00 -8.01635721e-02
   8.08192014e+00  1.88287443e+00 -4.75752771e-16  6.89197310e-16
  -7.97328870e-16 -2.81614732e-15  2.69182454e-15  6.32788266e-16]
 [-1.61552588e+00  8.08192014e+00 -8.01635721e-02 -4.37712113e+00
  -1.61552588e+00 -6.90930646e-16 -6.89197310e-16 -1.40040757e-15
  -9.62585567e-16  2.48412402e-15  1.19935312e-15  1.79295075e+00]
 [-4.37712113e+00 -8.01635721e-02  8.08192014e+00 -1.61552588e+00
  -4.37712113e+00 -1.79444328e+00  7.97328870e-16  9.62585567e-16
  -1.63494218e-15  3.12410237e-15  6.24500451e-16 -3.55271368e-15]
 [-8.01635721e-02 -4.37712113e+00 -1.61552588e+00  8.08192014e+00
  -8.01635721e-02  2.77555756e-16  2.81614732e-15 -2.48412402e-15
  -3.12410237e-15  7.38370476e-16  2.43047804e-15 -2.09542361e+00]
 [ 8.08192014e+00 -1.61552588e+00 -4.37712113e+00 -8.01635721e-02
   8.08192014e+00  1.88287443e+00 -2.69182454e-15 -1.19935312e-15
  -6.24500451e-16 -2.43047804e-15  1.58914548e-15  1.14016019e-15]
 [ 1.88287443e+00 -6.90930646e-16 -1.79444328e+00  2.77555756e-16
   1.88287443e+00  8.08192014e+00 -6.32788266e-16 -1.79295075e+00
   3.55271368e-15  2.09542361e+00 -1.14016019e-15 -4.60526062e-16]
 [ 4.75752771e-16 -6.89197310e-16  7.97328870e-16  2.81614732e-15
  -2.69182454e-15 -6.32788266e-16  8.08192014e+00 -1.61552588e+00
  -4.37712113e+00 -8.01635721e-02  8.08192014e+00  1.88287443e+00]
 [ 6.89197310e-16  1.40040757e-15  9.62585567e-16 -2.48412402e-15
  -1.19935312e-15 -1.79295075e+00 -1.61552588e+00  8.08192014e+00
  -8.01635721e-02 -4.37712113e+00 -1.61552588e+00 -6.90930646e-16]
 [-7.97328870e-16 -9.62585567e-16  1.63494218e-15 -3.12410237e-15
  -6.24500451e-16  3.55271368e-15 -4.37712113e+00 -8.01635721e-02
   8.08192014e+00 -1.61552588e+00 -4.37712113e+00 -1.79444328e+00]
 [-2.81614732e-15  2.48412402e-15  3.12410237e-15 -7.38370476e-16
  -2.43047804e-15  2.09542361e+00 -8.01635721e-02 -4.37712113e+00
  -1.61552588e+00  8.08192014e+00 -8.01635721e-02  2.77555756e-16]
 [ 2.69182454e-15  1.19935312e-15  6.24500451e-16  2.43047804e-15
  -1.58914548e-15 -1.14016019e-15  8.08192014e+00 -1.61552588e+00
  -4.37712113e+00 -8.01635721e-02  8.08192014e+00  1.88287443e+00]
 [ 6.32788266e-16  1.79295075e+00 -3.55271368e-15 -2.09542361e+00
   1.14016019e-15  4.60526062e-16  1.88287443e+00 -6.90930646e-16
  -1.79444328e+00  2.77555756e-16  1.88287443e+00  8.08192014e+00]]
r:[[-3.06860132e-02]
 [ 1.65487388e+00]
 [-6.56275922e-02]
 [-1.32000000e+00]
 [-3.06860132e-02]
 [ 1.47000000e+00]
 [-2.22044605e-18]
 [ 1.16991856e-02]
 [ 9.47715524e-01]
 [-5.79020965e-01]
 [-5.21804822e-17]
 [-5.18941760e-01]]
Itr:7
Q:[[ 8.08192014e+00 -1.61552588e+00 -4.37712113e+00 -8.01635721e-02
   8.08192014e+00  1.88287443e+00  3.20615364e+00 -4.75752771e-16
   6.89197310e-16 -7.97328870e-16 -2.81614732e-15  2.69182454e-15
   6.32788266e-16 -4.43369820e-16]
 [-1.61552588e+00  8.08192014e+00 -8.01635721e-02 -4.37712113e+00
  -1.61552588e+00 -6.90930646e-16 -1.39781648e+00 -6.89197310e-16
  -1.40040757e-15 -9.62585567e-16  2.48412402e-15  1.19935312e-15
   1.79295075e+00  4.91910679e-16]
 [-4.37712113e+00 -8.01635721e-02  8.08192014e+00 -1.61552588e+00
  -4.37712113e+00 -1.79444328e+00  1.43607418e-15  7.97328870e-16
   9.62585567e-16 -1.63494218e-15  3.12410237e-15  6.24500451e-16
  -3.55271368e-15  1.53645832e+00]
 [-8.01635721e-02 -4.37712113e+00 -1.61552588e+00  8.08192014e+00
  -8.01635721e-02  2.77555756e-16  3.25394711e-15  2.81614732e-15
  -2.48412402e-15 -3.12410237e-15  7.38370476e-16  2.43047804e-15
  -2.09542361e+00 -3.71692236e+00]
 [ 8.08192014e+00 -1.61552588e+00 -4.37712113e+00 -8.01635721e-02
   8.08192014e+00  1.88287443e+00  3.20615364e+00 -2.69182454e-15
  -1.19935312e-15 -6.24500451e-16 -2.43047804e-15  1.58914548e-15
   1.14016019e-15  5.32893694e-16]
 [ 1.88287443e+00 -6.90930646e-16 -1.79444328e+00  2.77555756e-16
   1.88287443e+00  8.08192014e+00  2.14960647e+00 -6.32788266e-16
  -1.79295075e+00  3.55271368e-15  2.09542361e+00 -1.14016019e-15
  -4.60526062e-16 -2.21216934e-15]
 [ 3.20615364e+00 -1.39781648e+00  1.43607418e-15  3.25394711e-15
   3.20615364e+00  2.14960647e+00  8.08192014e+00  4.43369820e-16
  -4.91910679e-16 -1.53645832e+00  3.71692236e+00 -5.32893694e-16
   2.21216934e-15 -6.03700423e-16]
 [ 4.75752771e-16 -6.89197310e-16  7.97328870e-16  2.81614732e-15
  -2.69182454e-15 -6.32788266e-16  4.43369820e-16  8.08192014e+00
  -1.61552588e+00 -4.37712113e+00 -8.01635721e-02  8.08192014e+00
   1.88287443e+00  3.20615364e+00]
 [ 6.89197310e-16  1.40040757e-15  9.62585567e-16 -2.48412402e-15
  -1.19935312e-15 -1.79295075e+00 -4.91910679e-16 -1.61552588e+00
   8.08192014e+00 -8.01635721e-02 -4.37712113e+00 -1.61552588e+00
  -6.90930646e-16 -1.39781648e+00]
 [-7.97328870e-16 -9.62585567e-16  1.63494218e-15 -3.12410237e-15
  -6.24500451e-16  3.55271368e-15 -1.53645832e+00 -4.37712113e+00
  -8.01635721e-02  8.08192014e+00 -1.61552588e+00 -4.37712113e+00
  -1.79444328e+00  1.43607418e-15]
 [-2.81614732e-15  2.48412402e-15  3.12410237e-15 -7.38370476e-16
  -2.43047804e-15  2.09542361e+00  3.71692236e+00 -8.01635721e-02
  -4.37712113e+00 -1.61552588e+00  8.08192014e+00 -8.01635721e-02
   2.77555756e-16  3.25394711e-15]
 [ 2.69182454e-15  1.19935312e-15  6.24500451e-16  2.43047804e-15
  -1.58914548e-15 -1.14016019e-15 -5.32893694e-16  8.08192014e+00
  -1.61552588e+00 -4.37712113e+00 -8.01635721e-02  8.08192014e+00
   1.88287443e+00  3.20615364e+00]
 [ 6.32788266e-16  1.79295075e+00 -3.55271368e-15 -2.09542361e+00
   1.14016019e-15  4.60526062e-16  2.21216934e-15  1.88287443e+00
  -6.90930646e-16 -1.79444328e+00  2.77555756e-16  1.88287443e+00
   8.08192014e+00  2.14960647e+00]
 [-4.43369820e-16  4.91910679e-16  1.53645832e+00 -3.71692236e+00
   5.32893694e-16 -2.21216934e-15  6.03700423e-16  3.20615364e+00
  -1.39781648e+00  1.43607418e-15  3.25394711e-15  3.20615364e+00
   2.14960647e+00  8.08192014e+00]]
r:[[-3.06860132e-02]
 [ 1.65487388e+00]
 [-6.56275922e-02]
 [-1.32000000e+00]
 [-3.06860132e-02]
 [ 1.47000000e+00]
 [ 7.23611814e-01]
 [-2.22044605e-18]
 [ 1.16991856e-02]
 [ 9.47715524e-01]
 [-5.79020965e-01]
 [-5.21804822e-17]
 [-5.18941760e-01]
 [ 1.27618901e-02]]
Iterations are:[1, 2, 3, 4, 5, 6, 7]
Losses are:[0.9998834891391086, 0.6495181025233735, 0.4858582429275371, 0.4531233048452975, 0.45312330484560737, 0.024806614323518827, 0.0001168901798331845]
