qubit number is:6
term number is:5
condition number is:6.0192718505859375
Pauli strings are:[['X', 'Y', 'Z', 'Z', 'Z', 'Z'], ['I', 'X', 'Z', 'Y', 'I', 'Y'], ['I', 'Z', 'Y', 'Z', 'Z', 'X'], ['Z', 'Y', 'X', 'Z', 'X', 'Y'], ['I', 'Z', 'Z', 'I', 'Z', 'Z']]
Coefficients of the terms are:[-0.34  0.45 -0.71 -0.52 -0.27]
Itr:1
Q:[[ 1.49313991e+00  6.93889390e-17]
 [-6.93889390e-17  1.49313991e+00]]
r:[[0.10425472]
 [0.        ]]
Itr:2
Q:[[ 1.49313991e+00 -1.48041705e-01  6.93889390e-17 -7.81874565e-17]
 [-1.48041705e-01  1.49313991e+00  7.81874565e-17 -3.75866005e-17]
 [-6.93889390e-17  7.81874565e-17  1.49313991e+00 -1.48041705e-01]
 [-7.81874565e-17  3.75866005e-17 -1.48041705e-01  1.49313991e+00]]
r:[[ 1.04254722e-01]
 [-9.40732332e-01]
 [ 0.00000000e+00]
 [-2.10942375e-17]]
Itr:3
Q:[[ 1.49313991e+00 -1.48041705e-01  9.13059065e-01  6.93889390e-17
  -7.81874565e-17  2.44249065e-17]
 [-1.48041705e-01  1.49313991e+00 -1.08424911e-01  7.81874565e-17
  -3.75866005e-17 -1.57152069e-17]
 [ 9.13059065e-01 -1.08424911e-01  1.49313991e+00 -2.44249065e-17
   1.57152069e-17  1.38777878e-17]
 [-6.93889390e-17  7.81874565e-17 -2.44249065e-17  1.49313991e+00
  -1.48041705e-01  9.13059065e-01]
 [-7.81874565e-17  3.75866005e-17  1.57152069e-17 -1.48041705e-01
   1.49313991e+00 -1.08424911e-01]
 [ 2.44249065e-17 -1.57152069e-17 -1.38777878e-17  9.13059065e-01
  -1.08424911e-01  1.49313991e+00]]
r:[[ 1.04254722e-01]
 [-9.40732332e-01]
 [ 4.16333634e-17]
 [ 0.00000000e+00]
 [-2.10942375e-17]
 [-2.48657881e-02]]
Itr:4
Q:[[ 1.49313991e+00 -1.48041705e-01  9.13059065e-01 -7.36077865e-17
   6.93889390e-17 -7.81874565e-17  2.44249065e-17 -1.60676872e-02]
 [-1.48041705e-01  1.49313991e+00 -1.08424911e-01 -6.93537498e-01
   7.81874565e-17 -3.75866005e-17 -1.57152069e-17 -8.32667268e-17]
 [ 9.13059065e-01 -1.08424911e-01  1.49313991e+00 -9.12108079e-02
  -2.44249065e-17  1.57152069e-17  1.38777878e-17  1.41014977e-16]
 [-7.36077865e-17 -6.93537498e-01 -9.12108079e-02  1.49313991e+00
   1.60676872e-02  8.32667268e-17 -1.41014977e-16 -1.32527322e-16]
 [-6.93889390e-17  7.81874565e-17 -2.44249065e-17  1.60676872e-02
   1.49313991e+00 -1.48041705e-01  9.13059065e-01 -7.36077865e-17]
 [-7.81874565e-17  3.75866005e-17  1.57152069e-17  8.32667268e-17
  -1.48041705e-01  1.49313991e+00 -1.08424911e-01 -6.93537498e-01]
 [ 2.44249065e-17 -1.57152069e-17 -1.38777878e-17 -1.41014977e-16
   9.13059065e-01 -1.08424911e-01  1.49313991e+00 -9.12108079e-02]
 [-1.60676872e-02 -8.32667268e-17  1.41014977e-16  1.32527322e-16
  -7.36077865e-17 -6.93537498e-01 -9.12108079e-02  1.49313991e+00]]
r:[[ 1.04254722e-01]
 [-9.40732332e-01]
 [ 4.16333634e-17]
 [-2.39392604e-01]
 [ 0.00000000e+00]
 [-2.10942375e-17]
 [-2.48657881e-02]
 [ 4.49640325e-17]]
Iterations are:[1, 2, 3, 4]
Losses are:[0.992720677109602, 0.40722284616677795, 0.4005402004700287, 3.045268491941311e-05]
