qubit number is:9
term number is:5
condition number is:5.2406744956970215
Pauli strings are:[['I', 'X', 'I', 'Z', 'Z', 'Z', 'Y', 'X', 'Y'], ['I', 'Z', 'Z', 'I', 'Z', 'Y', 'Z', 'Y', 'Z'], ['Z', 'I', 'Z', 'I', 'Z', 'Y', 'X', 'Y', 'Y'], ['Z', 'X', 'Z', 'Z', 'Z', 'Z', 'Z', 'X', 'Y'], ['Y', 'I', 'Z', 'X', 'Y', 'Y', 'I', 'Z', 'I']]
Coefficients of the terms are:[0.03, -1.14, -0.16, -1.52, -0.69]
Itr:1
Q:[[ 4.11260000e+00  2.78999046e-16]
 [-2.78999046e-16  4.11260000e+00]]
r:[[-8.8817842e-18]
 [ 0.0000000e+00]]
Itr:2
Q:[[ 4.11260000e+00  2.66453526e-19  2.78999046e-16  2.77999845e-17]
 [ 2.66453526e-19  4.11260000e+00 -2.77999845e-17  1.59899871e-16]
 [-2.78999046e-16 -2.77999845e-17  4.11260000e+00  2.66453526e-19]
 [ 2.77999845e-17 -1.59899871e-16  2.66453526e-19  4.11260000e+00]]
r:[[-8.88178420e-18]
 [-1.52000000e+00]
 [ 0.00000000e+00]
 [-6.54095281e-03]]
Itr:3
Q:[[ 4.11260000e+00  2.66453526e-19  4.44089210e-16  2.78999046e-16
   2.77999845e-17 -2.09310490e-03]
 [ 2.66453526e-19  4.11260000e+00  2.45115039e-16 -2.77999845e-17
   1.59899871e-16 -4.91495733e-17]
 [ 4.44089210e-16  2.45115039e-16  4.11260000e+00  2.09310490e-03
   4.91495733e-17 -2.76054180e-16]
 [-2.78999046e-16 -2.77999845e-17  2.09310490e-03  4.11260000e+00
   2.66453526e-19  4.44089210e-16]
 [ 2.77999845e-17 -1.59899871e-16  4.91495733e-17  2.66453526e-19
   4.11260000e+00  2.45115039e-16]
 [-2.09310490e-03 -4.91495733e-17  2.76054180e-16  4.44089210e-16
   2.45115039e-16  4.11260000e+00]]
r:[[-8.88178420e-18]
 [-1.52000000e+00]
 [-1.66533454e-18]
 [ 0.00000000e+00]
 [-6.54095281e-03]
 [-1.66533454e-18]]
Itr:4
Q:[[ 4.11260000e+00  2.66453526e-19  4.44089210e-16  2.60902411e-19
   2.78999046e-16  2.77999845e-17 -2.09310490e-03  3.43836071e-17]
 [ 2.66453526e-19  4.11260000e+00  2.45115039e-16 -3.33066907e-16
  -2.77999845e-17  1.59899871e-16 -4.91495733e-17 -2.09310490e-03]
 [ 4.44089210e-16  2.45115039e-16  4.11260000e+00 -1.09112719e-16
   2.09310490e-03  4.91495733e-17 -2.76054180e-16  7.13540338e-17]
 [ 2.60902411e-19 -3.33066907e-16 -1.09112719e-16  4.11260000e+00
  -3.43836071e-17  2.09310490e-03 -7.13540338e-17  7.77491960e-16]
 [-2.78999046e-16 -2.77999845e-17  2.09310490e-03 -3.43836071e-17
   4.11260000e+00  2.66453526e-19  4.44089210e-16  2.60902411e-19]
 [ 2.77999845e-17 -1.59899871e-16  4.91495733e-17  2.09310490e-03
   2.66453526e-19  4.11260000e+00  2.45115039e-16 -3.33066907e-16]
 [-2.09310490e-03 -4.91495733e-17  2.76054180e-16 -7.13540338e-17
   4.44089210e-16  2.45115039e-16  4.11260000e+00 -1.09112719e-16]
 [ 3.43836071e-17 -2.09310490e-03  7.13540338e-17 -7.77491960e-16
   2.60902411e-19 -3.33066907e-16 -1.09112719e-16  4.11260000e+00]]
r:[[-8.88178420e-18]
 [-1.52000000e+00]
 [-1.66533454e-18]
 [ 1.60000000e-01]
 [ 0.00000000e+00]
 [-6.54095281e-03]
 [-1.66533454e-18]
 [ 3.55271368e-17]]
Itr:5
Q:[[ 4.11260000e+00  2.66453526e-19  4.44089210e-16  2.60902411e-19
  -4.11260000e+00  2.78999046e-16  2.77999845e-17 -2.09310490e-03
   3.43836071e-17 -2.00197914e-15]
 [ 2.66453526e-19  4.11260000e+00  2.45115039e-16 -3.33066907e-16
   2.16493490e-18 -2.77999845e-17  1.59899871e-16 -4.91495733e-17
  -2.09310490e-03 -0.00000000e+00]
 [ 4.44089210e-16  2.45115039e-16  4.11260000e+00 -1.09112719e-16
   1.94289029e-16  2.09310490e-03  4.91495733e-17 -2.76054180e-16
   7.13540338e-17 -2.09310490e-03]
 [ 2.60902411e-19 -3.33066907e-16 -1.09112719e-16  4.11260000e+00
   3.81694676e-17 -3.43836071e-17  2.09310490e-03 -7.13540338e-17
   7.77491960e-16 -1.27142741e-16]
 [-4.11260000e+00  2.16493490e-18  1.94289029e-16  3.81694676e-17
   4.11260000e+00  2.00197914e-15  0.00000000e+00  2.09310490e-03
   1.27142741e-16  7.68321518e-16]
 [-2.78999046e-16 -2.77999845e-17  2.09310490e-03 -3.43836071e-17
   2.00197914e-15  4.11260000e+00  2.66453526e-19  4.44089210e-16
   2.60902411e-19 -4.11260000e+00]
 [ 2.77999845e-17 -1.59899871e-16  4.91495733e-17  2.09310490e-03
   0.00000000e+00  2.66453526e-19  4.11260000e+00  2.45115039e-16
  -3.33066907e-16  2.16493490e-18]
 [-2.09310490e-03 -4.91495733e-17  2.76054180e-16 -7.13540338e-17
   2.09310490e-03  4.44089210e-16  2.45115039e-16  4.11260000e+00
  -1.09112719e-16  1.94289029e-16]
 [ 3.43836071e-17 -2.09310490e-03  7.13540338e-17 -7.77491960e-16
   1.27142741e-16  2.60902411e-19 -3.33066907e-16 -1.09112719e-16
   4.11260000e+00  3.81694676e-17]
 [-2.00197914e-15 -0.00000000e+00 -2.09310490e-03 -1.27142741e-16
  -7.68321518e-16 -4.11260000e+00  2.16493490e-18  1.94289029e-16
   3.81694676e-17  4.11260000e+00]]
r:[[-8.88178420e-18]
 [-1.52000000e+00]
 [-1.66533454e-18]
 [ 1.60000000e-01]
 [-8.88178420e-18]
 [ 0.00000000e+00]
 [-6.54095281e-03]
 [-1.66533454e-18]
 [ 3.55271368e-17]
 [-5.44009282e-17]]
qubit number is:9
term number is:5
condition number is:5.2406744956970215
Pauli strings are:[['I', 'X', 'I', 'Z', 'Z', 'Z', 'Y', 'X', 'Y'], ['I', 'Z', 'Z', 'I', 'Z', 'Y', 'Z', 'Y', 'Z'], ['Z', 'I', 'Z', 'I', 'Z', 'Y', 'X', 'Y', 'Y'], ['Z', 'X', 'Z', 'Z', 'Z', 'Z', 'Z', 'X', 'Y'], ['Y', 'I', 'Z', 'X', 'Y', 'Y', 'I', 'Z', 'I']]
Coefficients of the terms are:[0.03, -1.14, -0.16, -1.52, -0.69]
Itr:1
Q:[[ 4.11260000e+00  2.78999046e-16]
 [-2.78999046e-16  4.11260000e+00]]
r:[[-8.8817842e-18]
 [ 0.0000000e+00]]
Itr:2
Q:[[ 4.11260000e+00  2.66453526e-19  2.78999046e-16  2.77999845e-17]
 [ 2.66453526e-19  4.11260000e+00 -2.77999845e-17  1.59899871e-16]
 [-2.78999046e-16 -2.77999845e-17  4.11260000e+00  2.66453526e-19]
 [ 2.77999845e-17 -1.59899871e-16  2.66453526e-19  4.11260000e+00]]
r:[[-8.88178420e-18]
 [-1.52000000e+00]
 [ 0.00000000e+00]
 [-6.54095281e-03]]
Itr:3
Q:[[ 4.11260000e+00  2.66453526e-19  4.44089210e-16  2.78999046e-16
   2.77999845e-17 -2.09310490e-03]
 [ 2.66453526e-19  4.11260000e+00  2.45115039e-16 -2.77999845e-17
   1.59899871e-16 -4.91495733e-17]
 [ 4.44089210e-16  2.45115039e-16  4.11260000e+00  2.09310490e-03
   4.91495733e-17 -2.76054180e-16]
 [-2.78999046e-16 -2.77999845e-17  2.09310490e-03  4.11260000e+00
   2.66453526e-19  4.44089210e-16]
 [ 2.77999845e-17 -1.59899871e-16  4.91495733e-17  2.66453526e-19
   4.11260000e+00  2.45115039e-16]
 [-2.09310490e-03 -4.91495733e-17  2.76054180e-16  4.44089210e-16
   2.45115039e-16  4.11260000e+00]]
r:[[-8.88178420e-18]
 [-1.52000000e+00]
 [-1.66533454e-18]
 [ 0.00000000e+00]
 [-6.54095281e-03]
 [-1.66533454e-18]]
Itr:4
Q:[[ 4.11260000e+00  2.66453526e-19  4.44089210e-16  2.60902411e-19
   2.78999046e-16  2.77999845e-17 -2.09310490e-03  3.43836071e-17]
 [ 2.66453526e-19  4.11260000e+00  2.45115039e-16 -3.33066907e-16
  -2.77999845e-17  1.59899871e-16 -4.91495733e-17 -2.09310490e-03]
 [ 4.44089210e-16  2.45115039e-16  4.11260000e+00 -1.09112719e-16
   2.09310490e-03  4.91495733e-17 -2.76054180e-16  7.13540338e-17]
 [ 2.60902411e-19 -3.33066907e-16 -1.09112719e-16  4.11260000e+00
  -3.43836071e-17  2.09310490e-03 -7.13540338e-17  7.77491960e-16]
 [-2.78999046e-16 -2.77999845e-17  2.09310490e-03 -3.43836071e-17
   4.11260000e+00  2.66453526e-19  4.44089210e-16  2.60902411e-19]
 [ 2.77999845e-17 -1.59899871e-16  4.91495733e-17  2.09310490e-03
   2.66453526e-19  4.11260000e+00  2.45115039e-16 -3.33066907e-16]
 [-2.09310490e-03 -4.91495733e-17  2.76054180e-16 -7.13540338e-17
   4.44089210e-16  2.45115039e-16  4.11260000e+00 -1.09112719e-16]
 [ 3.43836071e-17 -2.09310490e-03  7.13540338e-17 -7.77491960e-16
   2.60902411e-19 -3.33066907e-16 -1.09112719e-16  4.11260000e+00]]
r:[[-8.88178420e-18]
 [-1.52000000e+00]
 [-1.66533454e-18]
 [ 1.60000000e-01]
 [ 0.00000000e+00]
 [-6.54095281e-03]
 [-1.66533454e-18]
 [ 3.55271368e-17]]
Itr:5
Q:[[ 4.11260000e+00  2.66453526e-19  4.44089210e-16  2.60902411e-19
  -4.11260000e+00  2.78999046e-16  2.77999845e-17 -2.09310490e-03
   3.43836071e-17 -2.00197914e-15]
 [ 2.66453526e-19  4.11260000e+00  2.45115039e-16 -3.33066907e-16
   2.16493490e-18 -2.77999845e-17  1.59899871e-16 -4.91495733e-17
  -2.09310490e-03 -0.00000000e+00]
 [ 4.44089210e-16  2.45115039e-16  4.11260000e+00 -1.09112719e-16
   1.94289029e-16  2.09310490e-03  4.91495733e-17 -2.76054180e-16
   7.13540338e-17 -2.09310490e-03]
 [ 2.60902411e-19 -3.33066907e-16 -1.09112719e-16  4.11260000e+00
   3.81694676e-17 -3.43836071e-17  2.09310490e-03 -7.13540338e-17
   7.77491960e-16 -1.27142741e-16]
 [-4.11260000e+00  2.16493490e-18  1.94289029e-16  3.81694676e-17
   4.11260000e+00  2.00197914e-15  0.00000000e+00  2.09310490e-03
   1.27142741e-16  7.68321518e-16]
 [-2.78999046e-16 -2.77999845e-17  2.09310490e-03 -3.43836071e-17
   2.00197914e-15  4.11260000e+00  2.66453526e-19  4.44089210e-16
   2.60902411e-19 -4.11260000e+00]
 [ 2.77999845e-17 -1.59899871e-16  4.91495733e-17  2.09310490e-03
   0.00000000e+00  2.66453526e-19  4.11260000e+00  2.45115039e-16
  -3.33066907e-16  2.16493490e-18]
 [-2.09310490e-03 -4.91495733e-17  2.76054180e-16 -7.13540338e-17
   2.09310490e-03  4.44089210e-16  2.45115039e-16  4.11260000e+00
  -1.09112719e-16  1.94289029e-16]
 [ 3.43836071e-17 -2.09310490e-03  7.13540338e-17 -7.77491960e-16
   1.27142741e-16  2.60902411e-19 -3.33066907e-16 -1.09112719e-16
   4.11260000e+00  3.81694676e-17]
 [-2.00197914e-15 -0.00000000e+00 -2.09310490e-03 -1.27142741e-16
  -7.68321518e-16 -4.11260000e+00  2.16493490e-18  1.94289029e-16
   3.81694676e-17  4.11260000e+00]]
r:[[-8.88178420e-18]
 [-1.52000000e+00]
 [-1.66533454e-18]
 [ 1.60000000e-01]
 [-8.88178420e-18]
 [ 0.00000000e+00]
 [-6.54095281e-03]
 [-1.66533454e-18]
 [ 3.55271368e-17]
 [-5.44009282e-17]]
Itr:6
Q:[[ 4.11260000e+00  2.66453526e-19  4.44089210e-16  2.60902411e-19
  -4.11260000e+00 -4.97935027e-17  2.78999046e-16  2.77999845e-17
  -2.09310490e-03  3.43836071e-17 -2.00197914e-15  4.97935027e-17]
 [ 2.66453526e-19  4.11260000e+00  2.45115039e-16 -3.33066907e-16
   2.16493490e-18 -8.88178420e-16 -2.77999845e-17  1.59899871e-16
  -4.91495733e-17 -2.09310490e-03 -0.00000000e+00 -9.02651488e-03]
 [ 4.44089210e-16  2.45115039e-16  4.11260000e+00 -1.09112719e-16
   1.94289029e-16 -1.03034248e-16  2.09310490e-03  4.91495733e-17
  -2.76054180e-16  7.13540338e-17 -2.09310490e-03 -4.02178291e-17]
 [ 2.60902411e-19 -3.33066907e-16 -1.09112719e-16  4.11260000e+00
   3.81694676e-17  6.93889390e-17 -3.43836071e-17  2.09310490e-03
  -7.13540338e-17  7.77491960e-16 -1.27142741e-16 -6.12843110e-18]
 [-4.11260000e+00  2.16493490e-18  1.94289029e-16  3.81694676e-17
   4.11260000e+00 -6.12843110e-18  2.00197914e-15  0.00000000e+00
   2.09310490e-03  1.27142741e-16  7.68321518e-16 -4.36650716e-17]
 [-4.97935027e-17 -8.88178420e-16 -1.03034248e-16  6.93889390e-17
  -6.12843110e-18  4.11260000e+00 -4.97935027e-17  9.02651488e-03
   4.02178291e-17  6.12843110e-18  4.36650716e-17  2.50791055e-16]
 [-2.78999046e-16 -2.77999845e-17  2.09310490e-03 -3.43836071e-17
   2.00197914e-15 -4.97935027e-17  4.11260000e+00  2.66453526e-19
   4.44089210e-16  2.60902411e-19 -4.11260000e+00 -4.97935027e-17]
 [ 2.77999845e-17 -1.59899871e-16  4.91495733e-17  2.09310490e-03
   0.00000000e+00  9.02651488e-03  2.66453526e-19  4.11260000e+00
   2.45115039e-16 -3.33066907e-16  2.16493490e-18 -8.88178420e-16]
 [-2.09310490e-03 -4.91495733e-17  2.76054180e-16 -7.13540338e-17
   2.09310490e-03  4.02178291e-17  4.44089210e-16  2.45115039e-16
   4.11260000e+00 -1.09112719e-16  1.94289029e-16 -1.03034248e-16]
 [ 3.43836071e-17 -2.09310490e-03  7.13540338e-17 -7.77491960e-16
   1.27142741e-16  6.12843110e-18  2.60902411e-19 -3.33066907e-16
  -1.09112719e-16  4.11260000e+00  3.81694676e-17  6.93889390e-17]
 [-2.00197914e-15 -0.00000000e+00 -2.09310490e-03 -1.27142741e-16
  -7.68321518e-16  4.36650716e-17 -4.11260000e+00  2.16493490e-18
   1.94289029e-16  3.81694676e-17  4.11260000e+00 -6.12843110e-18]
 [ 4.97935027e-17 -9.02651488e-03 -4.02178291e-17 -6.12843110e-18
  -4.36650716e-17 -2.50791055e-16 -4.97935027e-17 -8.88178420e-16
  -1.03034248e-16  6.93889390e-17 -6.12843110e-18  4.11260000e+00]]
r:[[-8.88178420e-18]
 [-1.52000000e+00]
 [-1.66533454e-18]
 [ 1.60000000e-01]
 [-8.88178420e-18]
 [ 6.90000000e-01]
 [ 0.00000000e+00]
 [-6.54095281e-03]
 [-1.66533454e-18]
 [ 3.55271368e-17]
 [-5.44009282e-17]
 [ 3.83026943e-16]]
Itr:7
Q:[[ 4.11260000e+00  2.66453526e-19  4.44089210e-16  2.60902411e-19
  -4.11260000e+00 -4.97935027e-17 -4.11260000e+00  2.78999046e-16
   2.77999845e-17 -2.09310490e-03  3.43836071e-17 -2.00197914e-15
   4.97935027e-17 -3.79421772e-15]
 [ 2.66453526e-19  4.11260000e+00  2.45115039e-16 -3.33066907e-16
   2.16493490e-18 -8.88178420e-16 -3.79696274e-18 -2.77999845e-17
   1.59899871e-16 -4.91495733e-17 -2.09310490e-03 -0.00000000e+00
  -9.02651488e-03  2.34701147e-17]
 [ 4.44089210e-16  2.45115039e-16  4.11260000e+00 -1.09112719e-16
   1.94289029e-16 -1.03034248e-16  1.11022302e-16  2.09310490e-03
   4.91495733e-17 -2.76054180e-16  7.13540338e-17 -2.09310490e-03
  -4.02178291e-17 -2.09310490e-03]
 [ 2.60902411e-19 -3.33066907e-16 -1.09112719e-16  4.11260000e+00
   3.81694676e-17  6.93889390e-17  1.47293289e-16 -3.43836071e-17
   2.09310490e-03 -7.13540338e-17  7.77491960e-16 -1.27142741e-16
  -6.12843110e-18 -5.46895862e-17]
 [-4.11260000e+00  2.16493490e-18  1.94289029e-16  3.81694676e-17
   4.11260000e+00 -6.12843110e-18  4.11260000e+00  2.00197914e-15
   0.00000000e+00  2.09310490e-03  1.27142741e-16  7.68321518e-16
  -4.36650716e-17  2.67239841e-15]
 [-4.97935027e-17 -8.88178420e-16 -1.03034248e-16  6.93889390e-17
  -6.12843110e-18  4.11260000e+00 -5.06261699e-18 -4.97935027e-17
   9.02651488e-03  4.02178291e-17  6.12843110e-18  4.36650716e-17
   2.50791055e-16  5.08593168e-17]
 [-4.11260000e+00 -3.79696274e-18  1.11022302e-16  1.47293289e-16
   4.11260000e+00 -5.06261699e-18  4.11260000e+00  3.79421772e-15
  -2.34701147e-17  2.09310490e-03  5.46895862e-17 -2.67239841e-15
  -5.08593168e-17  1.23568378e-15]
 [-2.78999046e-16 -2.77999845e-17  2.09310490e-03 -3.43836071e-17
   2.00197914e-15 -4.97935027e-17  3.79421772e-15  4.11260000e+00
   2.66453526e-19  4.44089210e-16  2.60902411e-19 -4.11260000e+00
  -4.97935027e-17 -4.11260000e+00]
 [ 2.77999845e-17 -1.59899871e-16  4.91495733e-17  2.09310490e-03
   0.00000000e+00  9.02651488e-03 -2.34701147e-17  2.66453526e-19
   4.11260000e+00  2.45115039e-16 -3.33066907e-16  2.16493490e-18
  -8.88178420e-16 -3.79696274e-18]
 [-2.09310490e-03 -4.91495733e-17  2.76054180e-16 -7.13540338e-17
   2.09310490e-03  4.02178291e-17  2.09310490e-03  4.44089210e-16
   2.45115039e-16  4.11260000e+00 -1.09112719e-16  1.94289029e-16
  -1.03034248e-16  1.11022302e-16]
 [ 3.43836071e-17 -2.09310490e-03  7.13540338e-17 -7.77491960e-16
   1.27142741e-16  6.12843110e-18  5.46895862e-17  2.60902411e-19
  -3.33066907e-16 -1.09112719e-16  4.11260000e+00  3.81694676e-17
   6.93889390e-17  1.47293289e-16]
 [-2.00197914e-15 -0.00000000e+00 -2.09310490e-03 -1.27142741e-16
  -7.68321518e-16  4.36650716e-17 -2.67239841e-15 -4.11260000e+00
   2.16493490e-18  1.94289029e-16  3.81694676e-17  4.11260000e+00
  -6.12843110e-18  4.11260000e+00]
 [ 4.97935027e-17 -9.02651488e-03 -4.02178291e-17 -6.12843110e-18
  -4.36650716e-17 -2.50791055e-16 -5.08593168e-17 -4.97935027e-17
  -8.88178420e-16 -1.03034248e-16  6.93889390e-17 -6.12843110e-18
   4.11260000e+00 -5.06261699e-18]
 [-3.79421772e-15  2.34701147e-17 -2.09310490e-03 -5.46895862e-17
   2.67239841e-15  5.08593168e-17 -1.23568378e-15 -4.11260000e+00
  -3.79696274e-18  1.11022302e-16  1.47293289e-16  4.11260000e+00
  -5.06261699e-18  4.11260000e+00]]
r:[[-8.88178420e-18]
 [-1.52000000e+00]
 [-1.66533454e-18]
 [ 1.60000000e-01]
 [-8.88178420e-18]
 [ 6.90000000e-01]
 [-8.88178420e-18]
 [ 0.00000000e+00]
 [-6.54095281e-03]
 [-1.66533454e-18]
 [ 3.55271368e-17]
 [-5.44009282e-17]
 [ 3.83026943e-16]
 [ 0.00000000e+00]]
Itr:8
Q:[[ 4.11260000e+00  2.66453526e-19  4.44089210e-16  2.60902411e-19
  -4.11260000e+00 -4.97935027e-17 -4.11260000e+00  3.84692278e-18
   2.78999046e-16  2.77999845e-17 -2.09310490e-03  3.43836071e-17
  -2.00197914e-15  4.97935027e-17 -3.79421772e-15 -1.11022302e-18]
 [ 2.66453526e-19  4.11260000e+00  2.45115039e-16 -3.33066907e-16
   2.16493490e-18 -8.88178420e-16 -3.79696274e-18 -3.46560000e+00
  -2.77999845e-17  1.59899871e-16 -4.91495733e-17 -2.09310490e-03
  -0.00000000e+00 -9.02651488e-03  2.34701147e-17 -2.83960078e-15]
 [ 4.44089210e-16  2.45115039e-16  4.11260000e+00 -1.09112719e-16
   1.94289029e-16 -1.03034248e-16  1.11022302e-16  1.87566629e-16
   2.09310490e-03  4.91495733e-17 -2.76054180e-16  7.13540338e-17
  -2.09310490e-03 -4.02178291e-17 -2.09310490e-03 -2.73170375e-16]
 [ 2.60902411e-19 -3.33066907e-16 -1.09112719e-16  4.11260000e+00
   3.81694676e-17  6.93889390e-17  1.47293289e-16  3.64800000e-01
  -3.43836071e-17  2.09310490e-03 -7.13540338e-17  7.77491960e-16
  -1.27142741e-16 -6.12843110e-18 -5.46895862e-17  2.71582756e-16]
 [-4.11260000e+00  2.16493490e-18  1.94289029e-16  3.81694676e-17
   4.11260000e+00 -6.12843110e-18  4.11260000e+00  1.31217259e-16
   2.00197914e-15  0.00000000e+00  2.09310490e-03  1.27142741e-16
   7.68321518e-16 -4.36650716e-17  2.67239841e-15 -1.02251541e-17]
 [-4.97935027e-17 -8.88178420e-16 -1.03034248e-16  6.93889390e-17
  -6.12843110e-18  4.11260000e+00 -5.06261699e-18  1.57320000e+00
  -4.97935027e-17  9.02651488e-03  4.02178291e-17  6.12843110e-18
   4.36650716e-17  2.50791055e-16  5.08593168e-17  4.87443419e-16]
 [-4.11260000e+00 -3.79696274e-18  1.11022302e-16  1.47293289e-16
   4.11260000e+00 -5.06261699e-18  4.11260000e+00 -1.47104551e-18
   3.79421772e-15 -2.34701147e-17  2.09310490e-03  5.46895862e-17
  -2.67239841e-15 -5.08593168e-17  1.23568378e-15  1.51378909e-17]
 [ 3.84692278e-18 -3.46560000e+00  1.87566629e-16  3.64800000e-01
   1.31217259e-16  1.57320000e+00 -1.47104551e-18  4.11260000e+00
   1.11022302e-18  2.83960078e-15  2.73170375e-16 -2.71582756e-16
   1.02251541e-17 -4.87443419e-16 -1.51378909e-17  2.33801867e-16]
 [-2.78999046e-16 -2.77999845e-17  2.09310490e-03 -3.43836071e-17
   2.00197914e-15 -4.97935027e-17  3.79421772e-15  1.11022302e-18
   4.11260000e+00  2.66453526e-19  4.44089210e-16  2.60902411e-19
  -4.11260000e+00 -4.97935027e-17 -4.11260000e+00  3.84692278e-18]
 [ 2.77999845e-17 -1.59899871e-16  4.91495733e-17  2.09310490e-03
   0.00000000e+00  9.02651488e-03 -2.34701147e-17  2.83960078e-15
   2.66453526e-19  4.11260000e+00  2.45115039e-16 -3.33066907e-16
   2.16493490e-18 -8.88178420e-16 -3.79696274e-18 -3.46560000e+00]
 [-2.09310490e-03 -4.91495733e-17  2.76054180e-16 -7.13540338e-17
   2.09310490e-03  4.02178291e-17  2.09310490e-03  2.73170375e-16
   4.44089210e-16  2.45115039e-16  4.11260000e+00 -1.09112719e-16
   1.94289029e-16 -1.03034248e-16  1.11022302e-16  1.87566629e-16]
 [ 3.43836071e-17 -2.09310490e-03  7.13540338e-17 -7.77491960e-16
   1.27142741e-16  6.12843110e-18  5.46895862e-17 -2.71582756e-16
   2.60902411e-19 -3.33066907e-16 -1.09112719e-16  4.11260000e+00
   3.81694676e-17  6.93889390e-17  1.47293289e-16  3.64800000e-01]
 [-2.00197914e-15 -0.00000000e+00 -2.09310490e-03 -1.27142741e-16
  -7.68321518e-16  4.36650716e-17 -2.67239841e-15  1.02251541e-17
  -4.11260000e+00  2.16493490e-18  1.94289029e-16  3.81694676e-17
   4.11260000e+00 -6.12843110e-18  4.11260000e+00  1.31217259e-16]
 [ 4.97935027e-17 -9.02651488e-03 -4.02178291e-17 -6.12843110e-18
  -4.36650716e-17 -2.50791055e-16 -5.08593168e-17 -4.87443419e-16
  -4.97935027e-17 -8.88178420e-16 -1.03034248e-16  6.93889390e-17
  -6.12843110e-18  4.11260000e+00 -5.06261699e-18  1.57320000e+00]
 [-3.79421772e-15  2.34701147e-17 -2.09310490e-03 -5.46895862e-17
   2.67239841e-15  5.08593168e-17 -1.23568378e-15 -1.51378909e-17
  -4.11260000e+00 -3.79696274e-18  1.11022302e-16  1.47293289e-16
   4.11260000e+00 -5.06261699e-18  4.11260000e+00 -1.47104551e-18]
 [-1.11022302e-18 -2.83960078e-15 -2.73170375e-16  2.71582756e-16
  -1.02251541e-17  4.87443419e-16  1.51378909e-17 -2.33801867e-16
   3.84692278e-18 -3.46560000e+00  1.87566629e-16  3.64800000e-01
   1.31217259e-16  1.57320000e+00 -1.47104551e-18  4.11260000e+00]]
r:[[-8.88178420e-18]
 [-1.52000000e+00]
 [-1.66533454e-18]
 [ 1.60000000e-01]
 [-8.88178420e-18]
 [ 6.90000000e-01]
 [-8.88178420e-18]
 [ 1.14000000e+00]
 [ 0.00000000e+00]
 [-6.54095281e-03]
 [-1.66533454e-18]
 [ 3.55271368e-17]
 [-5.44009282e-17]
 [ 3.83026943e-16]
 [ 0.00000000e+00]
 [ 5.96189764e-16]]
Iterations are:[1, 2, 3, 4, 5, 6, 7, 8]
Losses are:[1.0, 0.4382038587471493, 0.43820385874715284, 0.4319786799844164, 0.4319786799844626, 0.31620435317087914, 0.3162043531710479, 0.001508338215949978]
qubit number is:9
term number is:5
condition number is:5.2406744956970215
Pauli strings are:[['I', 'X', 'I', 'Z', 'Z', 'Z', 'Y', 'X', 'Y'], ['I', 'Z', 'Z', 'I', 'Z', 'Y', 'Z', 'Y', 'Z'], ['Z', 'I', 'Z', 'I', 'Z', 'Y', 'X', 'Y', 'Y'], ['Z', 'X', 'Z', 'Z', 'Z', 'Z', 'Z', 'X', 'Y'], ['Y', 'I', 'Z', 'X', 'Y', 'Y', 'I', 'Z', 'I']]
Coefficients of the terms are:[0.03, -1.14, -0.16, -1.52, -0.69]
Itr:1
Q:[[ 4.11260000e+00  2.78999046e-16]
 [-2.78999046e-16  4.11260000e+00]]
r:[[-8.8817842e-18]
 [ 0.0000000e+00]]
Itr:2
Q:[[ 4.11260000e+00  2.66453526e-19  2.78999046e-16  2.77999845e-17]
 [ 2.66453526e-19  4.11260000e+00 -2.77999845e-17  1.59899871e-16]
 [-2.78999046e-16 -2.77999845e-17  4.11260000e+00  2.66453526e-19]
 [ 2.77999845e-17 -1.59899871e-16  2.66453526e-19  4.11260000e+00]]
r:[[-8.88178420e-18]
 [-1.52000000e+00]
 [ 0.00000000e+00]
 [-6.54095281e-03]]
Itr:3
Q:[[ 4.11260000e+00  2.66453526e-19  4.44089210e-16  2.78999046e-16
   2.77999845e-17 -2.09310490e-03]
 [ 2.66453526e-19  4.11260000e+00  2.45115039e-16 -2.77999845e-17
   1.59899871e-16 -4.91495733e-17]
 [ 4.44089210e-16  2.45115039e-16  4.11260000e+00  2.09310490e-03
   4.91495733e-17 -2.76054180e-16]
 [-2.78999046e-16 -2.77999845e-17  2.09310490e-03  4.11260000e+00
   2.66453526e-19  4.44089210e-16]
 [ 2.77999845e-17 -1.59899871e-16  4.91495733e-17  2.66453526e-19
   4.11260000e+00  2.45115039e-16]
 [-2.09310490e-03 -4.91495733e-17  2.76054180e-16  4.44089210e-16
   2.45115039e-16  4.11260000e+00]]
r:[[-8.88178420e-18]
 [-1.52000000e+00]
 [-1.66533454e-18]
 [ 0.00000000e+00]
 [-6.54095281e-03]
 [-1.66533454e-18]]
Itr:4
Q:[[ 4.11260000e+00  2.66453526e-19  4.44089210e-16  2.60902411e-19
   2.78999046e-16  2.77999845e-17 -2.09310490e-03  3.43836071e-17]
 [ 2.66453526e-19  4.11260000e+00  2.45115039e-16 -3.33066907e-16
  -2.77999845e-17  1.59899871e-16 -4.91495733e-17 -2.09310490e-03]
 [ 4.44089210e-16  2.45115039e-16  4.11260000e+00 -1.09112719e-16
   2.09310490e-03  4.91495733e-17 -2.76054180e-16  7.13540338e-17]
 [ 2.60902411e-19 -3.33066907e-16 -1.09112719e-16  4.11260000e+00
  -3.43836071e-17  2.09310490e-03 -7.13540338e-17  7.77491960e-16]
 [-2.78999046e-16 -2.77999845e-17  2.09310490e-03 -3.43836071e-17
   4.11260000e+00  2.66453526e-19  4.44089210e-16  2.60902411e-19]
 [ 2.77999845e-17 -1.59899871e-16  4.91495733e-17  2.09310490e-03
   2.66453526e-19  4.11260000e+00  2.45115039e-16 -3.33066907e-16]
 [-2.09310490e-03 -4.91495733e-17  2.76054180e-16 -7.13540338e-17
   4.44089210e-16  2.45115039e-16  4.11260000e+00 -1.09112719e-16]
 [ 3.43836071e-17 -2.09310490e-03  7.13540338e-17 -7.77491960e-16
   2.60902411e-19 -3.33066907e-16 -1.09112719e-16  4.11260000e+00]]
r:[[-8.88178420e-18]
 [-1.52000000e+00]
 [-1.66533454e-18]
 [ 1.60000000e-01]
 [ 0.00000000e+00]
 [-6.54095281e-03]
 [-1.66533454e-18]
 [ 3.55271368e-17]]
Itr:5
Q:[[ 4.11260000e+00  2.66453526e-19  4.44089210e-16  2.60902411e-19
  -4.11260000e+00  2.78999046e-16  2.77999845e-17 -2.09310490e-03
   3.43836071e-17 -2.00197914e-15]
 [ 2.66453526e-19  4.11260000e+00  2.45115039e-16 -3.33066907e-16
   2.16493490e-18 -2.77999845e-17  1.59899871e-16 -4.91495733e-17
  -2.09310490e-03 -0.00000000e+00]
 [ 4.44089210e-16  2.45115039e-16  4.11260000e+00 -1.09112719e-16
   1.94289029e-16  2.09310490e-03  4.91495733e-17 -2.76054180e-16
   7.13540338e-17 -2.09310490e-03]
 [ 2.60902411e-19 -3.33066907e-16 -1.09112719e-16  4.11260000e+00
   3.81694676e-17 -3.43836071e-17  2.09310490e-03 -7.13540338e-17
   7.77491960e-16 -1.27142741e-16]
 [-4.11260000e+00  2.16493490e-18  1.94289029e-16  3.81694676e-17
   4.11260000e+00  2.00197914e-15  0.00000000e+00  2.09310490e-03
   1.27142741e-16  7.68321518e-16]
 [-2.78999046e-16 -2.77999845e-17  2.09310490e-03 -3.43836071e-17
   2.00197914e-15  4.11260000e+00  2.66453526e-19  4.44089210e-16
   2.60902411e-19 -4.11260000e+00]
 [ 2.77999845e-17 -1.59899871e-16  4.91495733e-17  2.09310490e-03
   0.00000000e+00  2.66453526e-19  4.11260000e+00  2.45115039e-16
  -3.33066907e-16  2.16493490e-18]
 [-2.09310490e-03 -4.91495733e-17  2.76054180e-16 -7.13540338e-17
   2.09310490e-03  4.44089210e-16  2.45115039e-16  4.11260000e+00
  -1.09112719e-16  1.94289029e-16]
 [ 3.43836071e-17 -2.09310490e-03  7.13540338e-17 -7.77491960e-16
   1.27142741e-16  2.60902411e-19 -3.33066907e-16 -1.09112719e-16
   4.11260000e+00  3.81694676e-17]
 [-2.00197914e-15 -0.00000000e+00 -2.09310490e-03 -1.27142741e-16
  -7.68321518e-16 -4.11260000e+00  2.16493490e-18  1.94289029e-16
   3.81694676e-17  4.11260000e+00]]
r:[[-8.88178420e-18]
 [-1.52000000e+00]
 [-1.66533454e-18]
 [ 1.60000000e-01]
 [-8.88178420e-18]
 [ 0.00000000e+00]
 [-6.54095281e-03]
 [-1.66533454e-18]
 [ 3.55271368e-17]
 [-5.44009282e-17]]
Itr:6
Q:[[ 4.11260000e+00  2.66453526e-19  4.44089210e-16  2.60902411e-19
  -4.11260000e+00 -4.97935027e-17  2.78999046e-16  2.77999845e-17
  -2.09310490e-03  3.43836071e-17 -2.00197914e-15  4.97935027e-17]
 [ 2.66453526e-19  4.11260000e+00  2.45115039e-16 -3.33066907e-16
   2.16493490e-18 -8.88178420e-16 -2.77999845e-17  1.59899871e-16
  -4.91495733e-17 -2.09310490e-03 -0.00000000e+00 -9.02651488e-03]
 [ 4.44089210e-16  2.45115039e-16  4.11260000e+00 -1.09112719e-16
   1.94289029e-16 -1.03034248e-16  2.09310490e-03  4.91495733e-17
  -2.76054180e-16  7.13540338e-17 -2.09310490e-03 -4.02178291e-17]
 [ 2.60902411e-19 -3.33066907e-16 -1.09112719e-16  4.11260000e+00
   3.81694676e-17  6.93889390e-17 -3.43836071e-17  2.09310490e-03
  -7.13540338e-17  7.77491960e-16 -1.27142741e-16 -6.12843110e-18]
 [-4.11260000e+00  2.16493490e-18  1.94289029e-16  3.81694676e-17
   4.11260000e+00 -6.12843110e-18  2.00197914e-15  0.00000000e+00
   2.09310490e-03  1.27142741e-16  7.68321518e-16 -4.36650716e-17]
 [-4.97935027e-17 -8.88178420e-16 -1.03034248e-16  6.93889390e-17
  -6.12843110e-18  4.11260000e+00 -4.97935027e-17  9.02651488e-03
   4.02178291e-17  6.12843110e-18  4.36650716e-17  2.50791055e-16]
 [-2.78999046e-16 -2.77999845e-17  2.09310490e-03 -3.43836071e-17
   2.00197914e-15 -4.97935027e-17  4.11260000e+00  2.66453526e-19
   4.44089210e-16  2.60902411e-19 -4.11260000e+00 -4.97935027e-17]
 [ 2.77999845e-17 -1.59899871e-16  4.91495733e-17  2.09310490e-03
   0.00000000e+00  9.02651488e-03  2.66453526e-19  4.11260000e+00
   2.45115039e-16 -3.33066907e-16  2.16493490e-18 -8.88178420e-16]
 [-2.09310490e-03 -4.91495733e-17  2.76054180e-16 -7.13540338e-17
   2.09310490e-03  4.02178291e-17  4.44089210e-16  2.45115039e-16
   4.11260000e+00 -1.09112719e-16  1.94289029e-16 -1.03034248e-16]
 [ 3.43836071e-17 -2.09310490e-03  7.13540338e-17 -7.77491960e-16
   1.27142741e-16  6.12843110e-18  2.60902411e-19 -3.33066907e-16
  -1.09112719e-16  4.11260000e+00  3.81694676e-17  6.93889390e-17]
 [-2.00197914e-15 -0.00000000e+00 -2.09310490e-03 -1.27142741e-16
  -7.68321518e-16  4.36650716e-17 -4.11260000e+00  2.16493490e-18
   1.94289029e-16  3.81694676e-17  4.11260000e+00 -6.12843110e-18]
 [ 4.97935027e-17 -9.02651488e-03 -4.02178291e-17 -6.12843110e-18
  -4.36650716e-17 -2.50791055e-16 -4.97935027e-17 -8.88178420e-16
  -1.03034248e-16  6.93889390e-17 -6.12843110e-18  4.11260000e+00]]
r:[[-8.88178420e-18]
 [-1.52000000e+00]
 [-1.66533454e-18]
 [ 1.60000000e-01]
 [-8.88178420e-18]
 [ 6.90000000e-01]
 [ 0.00000000e+00]
 [-6.54095281e-03]
 [-1.66533454e-18]
 [ 3.55271368e-17]
 [-5.44009282e-17]
 [ 3.83026943e-16]]
Itr:7
Q:[[ 4.11260000e+00  2.66453526e-19  4.44089210e-16  2.60902411e-19
  -4.11260000e+00 -4.97935027e-17 -6.93889390e-17  2.78999046e-16
   2.77999845e-17 -2.09310490e-03  3.43836071e-17 -2.00197914e-15
   4.97935027e-17  3.14082094e-17]
 [ 2.66453526e-19  4.11260000e+00  2.45115039e-16 -3.33066907e-16
   2.16493490e-18 -8.88178420e-16 -5.78204151e-17 -2.77999845e-17
   1.59899871e-16 -4.91495733e-17 -2.09310490e-03 -0.00000000e+00
  -9.02651488e-03 -1.74660286e-16]
 [ 4.44089210e-16  2.45115039e-16  4.11260000e+00 -1.09112719e-16
   1.94289029e-16 -1.03034248e-16 -6.66133815e-16  2.09310490e-03
   4.91495733e-17 -2.76054180e-16  7.13540338e-17 -2.09310490e-03
  -4.02178291e-17 -9.02651488e-03]
 [ 2.60902411e-19 -3.33066907e-16 -1.09112719e-16  4.11260000e+00
   3.81694676e-17  6.93889390e-17 -4.36650716e-17 -3.43836071e-17
   2.09310490e-03 -7.13540338e-17  7.77491960e-16 -1.27142741e-16
  -6.12843110e-18  6.12843110e-18]
 [-4.11260000e+00  2.16493490e-18  1.94289029e-16  3.81694676e-17
   4.11260000e+00 -6.12843110e-18 -1.80411242e-16  2.00197914e-15
   0.00000000e+00  2.09310490e-03  1.27142741e-16  7.68321518e-16
  -4.36650716e-17  2.37476705e-17]
 [-4.97935027e-17 -8.88178420e-16 -1.03034248e-16  6.93889390e-17
  -6.12843110e-18  4.11260000e+00 -1.54681823e-16 -4.97935027e-17
   9.02651488e-03  4.02178291e-17  6.12843110e-18  4.36650716e-17
   2.50791055e-16 -6.70796751e-17]
 [-6.93889390e-17 -5.78204151e-17 -6.66133815e-16 -4.36650716e-17
  -1.80411242e-16 -1.54681823e-16  4.11260000e+00 -3.14082094e-17
   1.74660286e-16  9.02651488e-03 -6.12843110e-18 -2.37476705e-17
   6.70796751e-17  2.28966013e-15]
 [-2.78999046e-16 -2.77999845e-17  2.09310490e-03 -3.43836071e-17
   2.00197914e-15 -4.97935027e-17 -3.14082094e-17  4.11260000e+00
   2.66453526e-19  4.44089210e-16  2.60902411e-19 -4.11260000e+00
  -4.97935027e-17 -6.93889390e-17]
 [ 2.77999845e-17 -1.59899871e-16  4.91495733e-17  2.09310490e-03
   0.00000000e+00  9.02651488e-03  1.74660286e-16  2.66453526e-19
   4.11260000e+00  2.45115039e-16 -3.33066907e-16  2.16493490e-18
  -8.88178420e-16 -5.78204151e-17]
 [-2.09310490e-03 -4.91495733e-17  2.76054180e-16 -7.13540338e-17
   2.09310490e-03  4.02178291e-17  9.02651488e-03  4.44089210e-16
   2.45115039e-16  4.11260000e+00 -1.09112719e-16  1.94289029e-16
  -1.03034248e-16 -6.66133815e-16]
 [ 3.43836071e-17 -2.09310490e-03  7.13540338e-17 -7.77491960e-16
   1.27142741e-16  6.12843110e-18 -6.12843110e-18  2.60902411e-19
  -3.33066907e-16 -1.09112719e-16  4.11260000e+00  3.81694676e-17
   6.93889390e-17 -4.36650716e-17]
 [-2.00197914e-15 -0.00000000e+00 -2.09310490e-03 -1.27142741e-16
  -7.68321518e-16  4.36650716e-17 -2.37476705e-17 -4.11260000e+00
   2.16493490e-18  1.94289029e-16  3.81694676e-17  4.11260000e+00
  -6.12843110e-18 -1.80411242e-16]
 [ 4.97935027e-17 -9.02651488e-03 -4.02178291e-17 -6.12843110e-18
  -4.36650716e-17 -2.50791055e-16  6.70796751e-17 -4.97935027e-17
  -8.88178420e-16 -1.03034248e-16  6.93889390e-17 -6.12843110e-18
   4.11260000e+00 -1.54681823e-16]
 [ 3.14082094e-17 -1.74660286e-16 -9.02651488e-03  6.12843110e-18
   2.37476705e-17 -6.70796751e-17 -2.28966013e-15 -6.93889390e-17
  -5.78204151e-17 -6.66133815e-16 -4.36650716e-17 -1.80411242e-16
  -1.54681823e-16  4.11260000e+00]]
r:[[-8.88178420e-18]
 [-1.52000000e+00]
 [-1.66533454e-18]
 [ 1.60000000e-01]
 [-8.88178420e-18]
 [ 6.90000000e-01]
 [ 0.00000000e+00]
 [ 0.00000000e+00]
 [-6.54095281e-03]
 [-1.66533454e-18]
 [ 3.55271368e-17]
 [-5.44009282e-17]
 [ 3.83026943e-16]
 [ 0.00000000e+00]]
Itr:8
Q:[[ 4.11260000e+00  2.66453526e-19  4.44089210e-16  2.60902411e-19
  -4.11260000e+00 -4.97935027e-17 -6.93889390e-17 -4.36650716e-17
   2.78999046e-16  2.77999845e-17 -2.09310490e-03  3.43836071e-17
  -2.00197914e-15  4.97935027e-17  3.14082094e-17  4.36650716e-17]
 [ 2.66453526e-19  4.11260000e+00  2.45115039e-16 -3.33066907e-16
   2.16493490e-18 -8.88178420e-16 -5.78204151e-17 -6.66133815e-16
  -2.77999845e-17  1.59899871e-16 -4.91495733e-17 -2.09310490e-03
  -0.00000000e+00 -9.02651488e-03 -1.74660286e-16 -9.02651488e-03]
 [ 4.44089210e-16  2.45115039e-16  4.11260000e+00 -1.09112719e-16
   1.94289029e-16 -1.03034248e-16 -6.66133815e-16  9.84878845e-17
   2.09310490e-03  4.91495733e-17 -2.76054180e-16  7.13540338e-17
  -2.09310490e-03 -4.02178291e-17 -9.02651488e-03 -3.56714658e-17]
 [ 2.60902411e-19 -3.33066907e-16 -1.09112719e-16  4.11260000e+00
   3.81694676e-17  6.93889390e-17 -4.36650716e-17  5.55111512e-17
  -3.43836071e-17  2.09310490e-03 -7.13540338e-17  7.77491960e-16
  -1.27142741e-16 -6.12843110e-18  6.12843110e-18 -4.97935027e-17]
 [-4.11260000e+00  2.16493490e-18  1.94289029e-16  3.81694676e-17
   4.11260000e+00 -6.12843110e-18 -1.80411242e-16  0.00000000e+00
   2.00197914e-15  0.00000000e+00  2.09310490e-03  1.27142741e-16
   7.68321518e-16 -4.36650716e-17  2.37476705e-17  4.97935027e-17]
 [-4.97935027e-17 -8.88178420e-16 -1.03034248e-16  6.93889390e-17
  -6.12843110e-18  4.11260000e+00 -1.54681823e-16  4.11260000e+00
  -4.97935027e-17  9.02651488e-03  4.02178291e-17  6.12843110e-18
   4.36650716e-17  2.50791055e-16 -6.70796751e-17  1.85998716e-15]
 [-6.93889390e-17 -5.78204151e-17 -6.66133815e-16 -4.36650716e-17
  -1.80411242e-16 -1.54681823e-16  4.11260000e+00 -2.52237120e-16
  -3.14082094e-17  1.74660286e-16  9.02651488e-03 -6.12843110e-18
  -2.37476705e-17  6.70796751e-17  2.28966013e-15  7.35633776e-17]
 [-4.36650716e-17 -6.66133815e-16  9.84878845e-17  5.55111512e-17
   0.00000000e+00  4.11260000e+00 -2.52237120e-16  4.11260000e+00
  -4.36650716e-17  9.02651488e-03  3.56714658e-17  4.97935027e-17
  -4.97935027e-17 -1.85998716e-15 -7.35633776e-17  2.64893663e-16]
 [-2.78999046e-16 -2.77999845e-17  2.09310490e-03 -3.43836071e-17
   2.00197914e-15 -4.97935027e-17 -3.14082094e-17 -4.36650716e-17
   4.11260000e+00  2.66453526e-19  4.44089210e-16  2.60902411e-19
  -4.11260000e+00 -4.97935027e-17 -6.93889390e-17 -4.36650716e-17]
 [ 2.77999845e-17 -1.59899871e-16  4.91495733e-17  2.09310490e-03
   0.00000000e+00  9.02651488e-03  1.74660286e-16  9.02651488e-03
   2.66453526e-19  4.11260000e+00  2.45115039e-16 -3.33066907e-16
   2.16493490e-18 -8.88178420e-16 -5.78204151e-17 -6.66133815e-16]
 [-2.09310490e-03 -4.91495733e-17  2.76054180e-16 -7.13540338e-17
   2.09310490e-03  4.02178291e-17  9.02651488e-03  3.56714658e-17
   4.44089210e-16  2.45115039e-16  4.11260000e+00 -1.09112719e-16
   1.94289029e-16 -1.03034248e-16 -6.66133815e-16  9.84878845e-17]
 [ 3.43836071e-17 -2.09310490e-03  7.13540338e-17 -7.77491960e-16
   1.27142741e-16  6.12843110e-18 -6.12843110e-18  4.97935027e-17
   2.60902411e-19 -3.33066907e-16 -1.09112719e-16  4.11260000e+00
   3.81694676e-17  6.93889390e-17 -4.36650716e-17  5.55111512e-17]
 [-2.00197914e-15 -0.00000000e+00 -2.09310490e-03 -1.27142741e-16
  -7.68321518e-16  4.36650716e-17 -2.37476705e-17 -4.97935027e-17
  -4.11260000e+00  2.16493490e-18  1.94289029e-16  3.81694676e-17
   4.11260000e+00 -6.12843110e-18 -1.80411242e-16  0.00000000e+00]
 [ 4.97935027e-17 -9.02651488e-03 -4.02178291e-17 -6.12843110e-18
  -4.36650716e-17 -2.50791055e-16  6.70796751e-17 -1.85998716e-15
  -4.97935027e-17 -8.88178420e-16 -1.03034248e-16  6.93889390e-17
  -6.12843110e-18  4.11260000e+00 -1.54681823e-16  4.11260000e+00]
 [ 3.14082094e-17 -1.74660286e-16 -9.02651488e-03  6.12843110e-18
   2.37476705e-17 -6.70796751e-17 -2.28966013e-15 -7.35633776e-17
  -6.93889390e-17 -5.78204151e-17 -6.66133815e-16 -4.36650716e-17
  -1.80411242e-16 -1.54681823e-16  4.11260000e+00 -2.52237120e-16]
 [ 4.36650716e-17 -9.02651488e-03 -3.56714658e-17 -4.97935027e-17
   4.97935027e-17  1.85998716e-15  7.35633776e-17 -2.64893663e-16
  -4.36650716e-17 -6.66133815e-16  9.84878845e-17  5.55111512e-17
   0.00000000e+00  4.11260000e+00 -2.52237120e-16  4.11260000e+00]]
r:[[-8.88178420e-18]
 [-1.52000000e+00]
 [-1.66533454e-18]
 [ 1.60000000e-01]
 [-8.88178420e-18]
 [ 6.90000000e-01]
 [ 0.00000000e+00]
 [ 6.90000000e-01]
 [ 0.00000000e+00]
 [-6.54095281e-03]
 [-1.66533454e-18]
 [ 3.55271368e-17]
 [-5.44009282e-17]
 [ 3.83026943e-16]
 [ 0.00000000e+00]
 [ 2.29816166e-16]]
Itr:9
Q:[[ 4.11260000e+00  2.66453526e-19  4.44089210e-16  2.60902411e-19
  -4.11260000e+00 -4.97935027e-17 -6.93889390e-17 -4.36650716e-17
  -4.11260000e+00  2.78999046e-16  2.77999845e-17 -2.09310490e-03
   3.43836071e-17 -2.00197914e-15  4.97935027e-17  3.14082094e-17
   4.36650716e-17 -5.03894704e-15]
 [ 2.66453526e-19  4.11260000e+00  2.45115039e-16 -3.33066907e-16
   2.16493490e-18 -8.88178420e-16 -5.78204151e-17 -6.66133815e-16
  -2.66453526e-19 -2.77999845e-17  1.59899871e-16 -4.91495733e-17
  -2.09310490e-03 -0.00000000e+00 -9.02651488e-03 -1.74660286e-16
  -9.02651488e-03 -2.36255460e-17]
 [ 4.44089210e-16  2.45115039e-16  4.11260000e+00 -1.09112719e-16
   1.94289029e-16 -1.03034248e-16 -6.66133815e-16  9.84878845e-17
   1.66533454e-16  2.09310490e-03  4.91495733e-17 -2.76054180e-16
   7.13540338e-17 -2.09310490e-03 -4.02178291e-17 -9.02651488e-03
  -3.56714658e-17 -2.09310490e-03]
 [ 2.60902411e-19 -3.33066907e-16 -1.09112719e-16  4.11260000e+00
   3.81694676e-17  6.93889390e-17 -4.36650716e-17  5.55111512e-17
  -1.08640874e-16 -3.43836071e-17  2.09310490e-03 -7.13540338e-17
   7.77491960e-16 -1.27142741e-16 -6.12843110e-18  6.12843110e-18
  -4.97935027e-17  1.03778097e-16]
 [-4.11260000e+00  2.16493490e-18  1.94289029e-16  3.81694676e-17
   4.11260000e+00 -6.12843110e-18 -1.80411242e-16  0.00000000e+00
   4.11260000e+00  2.00197914e-15  0.00000000e+00  2.09310490e-03
   1.27142741e-16  7.68321518e-16 -4.36650716e-17  2.37476705e-17
   4.97935027e-17  4.69252692e-15]
 [-4.97935027e-17 -8.88178420e-16 -1.03034248e-16  6.93889390e-17
  -6.12843110e-18  4.11260000e+00 -1.54681823e-16  4.11260000e+00
   4.34552394e-16 -4.97935027e-17  9.02651488e-03  4.02178291e-17
   6.12843110e-18  4.36650716e-17  2.50791055e-16 -6.70796751e-17
   1.85998716e-15 -8.09907696e-17]
 [-6.93889390e-17 -5.78204151e-17 -6.66133815e-16 -4.36650716e-17
  -1.80411242e-16 -1.54681823e-16  4.11260000e+00 -2.52237120e-16
   1.52655666e-16 -3.14082094e-17  1.74660286e-16  9.02651488e-03
  -6.12843110e-18 -2.37476705e-17  6.70796751e-17  2.28966013e-15
   7.35633776e-17  1.04027897e-17]
 [-4.36650716e-17 -6.66133815e-16  9.84878845e-17  5.55111512e-17
   0.00000000e+00  4.11260000e+00 -2.52237120e-16  4.11260000e+00
  -2.56505928e-16 -4.36650716e-17  9.02651488e-03  3.56714658e-17
   4.97935027e-17 -4.97935027e-17 -1.85998716e-15 -7.35633776e-17
   2.64893663e-16 -2.91511260e-16]
 [-4.11260000e+00 -2.66453526e-19  1.66533454e-16 -1.08640874e-16
   4.11260000e+00  4.34552394e-16  1.52655666e-16 -2.56505928e-16
   4.11260000e+00  5.03894704e-15  2.36255460e-17  2.09310490e-03
  -1.03778097e-16 -4.69252692e-15  8.09907696e-17 -1.04027897e-17
   2.91511260e-16  9.77634640e-16]
 [-2.78999046e-16 -2.77999845e-17  2.09310490e-03 -3.43836071e-17
   2.00197914e-15 -4.97935027e-17 -3.14082094e-17 -4.36650716e-17
   5.03894704e-15  4.11260000e+00  2.66453526e-19  4.44089210e-16
   2.60902411e-19 -4.11260000e+00 -4.97935027e-17 -6.93889390e-17
  -4.36650716e-17 -4.11260000e+00]
 [ 2.77999845e-17 -1.59899871e-16  4.91495733e-17  2.09310490e-03
   0.00000000e+00  9.02651488e-03  1.74660286e-16  9.02651488e-03
   2.36255460e-17  2.66453526e-19  4.11260000e+00  2.45115039e-16
  -3.33066907e-16  2.16493490e-18 -8.88178420e-16 -5.78204151e-17
  -6.66133815e-16 -2.66453526e-19]
 [-2.09310490e-03 -4.91495733e-17  2.76054180e-16 -7.13540338e-17
   2.09310490e-03  4.02178291e-17  9.02651488e-03  3.56714658e-17
   2.09310490e-03  4.44089210e-16  2.45115039e-16  4.11260000e+00
  -1.09112719e-16  1.94289029e-16 -1.03034248e-16 -6.66133815e-16
   9.84878845e-17  1.66533454e-16]
 [ 3.43836071e-17 -2.09310490e-03  7.13540338e-17 -7.77491960e-16
   1.27142741e-16  6.12843110e-18 -6.12843110e-18  4.97935027e-17
  -1.03778097e-16  2.60902411e-19 -3.33066907e-16 -1.09112719e-16
   4.11260000e+00  3.81694676e-17  6.93889390e-17 -4.36650716e-17
   5.55111512e-17 -1.08640874e-16]
 [-2.00197914e-15 -0.00000000e+00 -2.09310490e-03 -1.27142741e-16
  -7.68321518e-16  4.36650716e-17 -2.37476705e-17 -4.97935027e-17
  -4.69252692e-15 -4.11260000e+00  2.16493490e-18  1.94289029e-16
   3.81694676e-17  4.11260000e+00 -6.12843110e-18 -1.80411242e-16
   0.00000000e+00  4.11260000e+00]
