0,1,2,3,4,5,6,7
31.339027539062506,-1.0530478515625,-0.3417191406250001,0.5415283203125001,2.2658875,-0.43152109375,15.734769531250002,1.6324419921875006
-1.0530478515625,33.001917578125,0.11280761718749999,2.178809960937501,0.43152109375,3.3724466796875,0.90658984375,21.060265039062497
-0.3417191406250001,0.11280761718749999,33.2465048828125,0.8146351562500002,-15.734769531250002,-0.90658984375,-1.1139314453125004,1.2356595703125004
0.5415283203125001,2.178809960937501,0.8146351562500002,30.798608007812504,-1.6324419921875006,-21.060265039062497,-1.2356595703125004,-0.0724486328124999
-2.2658875,0.43152109375,-15.734769531250002,-1.6324419921875006,31.339027539062506,-1.0530478515625,-0.3417191406250001,0.5415283203125001
-0.43152109375,-3.3724466796875,-0.90658984375,-21.060265039062497,-1.0530478515625,33.001917578125,0.11280761718749999,2.178809960937501
15.734769531250002,0.90658984375,1.1139314453125004,-1.2356595703125004,-0.3417191406250001,0.11280761718749999,33.2465048828125,0.8146351562500002
1.6324419921875006,21.060265039062497,1.2356595703125004,0.0724486328124999,0.5415283203125001,2.178809960937501,0.8146351562500002,30.798608007812504
