1 1 1.9329070003281519
2 1 0.39082536096526693
3 1 0.499650111697294
4 1 0.1493075714357838
5 1 0.46328661399434656
6 1 0.40815697887217395
7 1 0.5637199143023022
8 1 0.023898961278271843
1 2 0.39082536096526693
2 2 0.4424762084763749
3 2 0.12791272781199473
4 2 0.8980493537964458
5 2 0.40815697887217395
6 2 0.5071435783521824
7 2 0.5498867250605827
8 2 0.7188580687096104
1 3 0.499650111697294
2 3 0.12791272781199473
3 3 0.5762680318558164
4 3 0.1301470681037972
5 3 0.5637199143023022
6 3 0.5498867250605827
7 3 0.1399367521960831
8 3 0.4262537547960419
1 4 0.1493075714357838
2 4 0.8980493537964458
3 4 0.1301470681037972
4 4 0.6597601814923291
5 4 0.023898961278271843
6 4 0.7188580687096104
7 4 0.4262537547960419
8 4 0.6893793700777466
1 5 0.46328661399434656
2 5 0.40815697887217395
3 5 0.5637199143023022
4 5 0.023898961278271843
5 5 1.9329070003281519
6 5 0.39082536096526693
7 5 0.499650111697294
8 5 0.1493075714357838
1 6 0.40815697887217395
2 6 0.5071435783521824
3 6 0.5498867250605827
4 6 0.7188580687096104
5 6 0.39082536096526693
6 6 0.4424762084763749
7 6 0.12791272781199473
8 6 0.8980493537964458
1 7 0.5637199143023022
2 7 0.5498867250605827
3 7 0.1399367521960831
4 7 0.4262537547960419
5 7 0.499650111697294
6 7 0.12791272781199473
7 7 0.5762680318558164
8 7 0.1301470681037972
1 8 0.023898961278271843
2 8 0.7188580687096104
3 8 0.4262537547960419
4 8 0.6893793700777466
5 8 0.1493075714357838
6 8 0.8980493537964458
7 8 0.1301470681037972
8 8 0.6597601814923291
